NucleotideLengths:
1096
1221
2086
75
740
1388
3931
550
597
563
989
1833
102
1831
942
230
386
94
58
192
774
2823
34
255
53
188
1442
1166
1214
100
348
1120
278
215
182
29
311
946
327
2773
1348
1412
104
339
276
134
132
157
87
866
1915
683
1118
1601
538
623
559
545
775
1398
163
2025
727
833
444
95
483
325
507
143
136
3322
414
915
377
461
79
3010
488
447
298
894
369
364
118
179
917
807
1325
1023
1931
1338
19
869
444
1900
352
1556
2314
72
1228
235
662
303
203
304
1196
1157
309
722
805
660
688
281
34
799
586
270
36
654
1730
1793
3224
362
294
1263
300
2083
1765
690
895
591
204
91
490
848
454
108
622
1800
832
839
2546
544
703
753
354
6
340
44
2187
104
328
879
972
1081
256
33
708
981
890
85
2511
419
204
46
1296
38
146
512
3672
460
1511
554
70
1301
203
653
630
288
202
307
27
162
1244
672
532
1462
502
625
107
4957
666
1700
228
687
337
476
319
260
1191
36
1295
703
69
1107
438
1174
365
538
412
356
597
805
509
1378
326
940
85
240
816
837
156
437
2599
5365
720
865
1178
4875
194
28
85
1298
362
129
312
311
833
668
1207
911
1583
527
485
365
503
2430
377
148
306
5538
1430
414
382
120
849
1890
102
145
176
287
34
824
919
1212
304
2571
416
2799
93
441
1423
446
30
1548
722
329
195
743
160
302
554
2316
707
1552
1135
366
74
819
458
112
287
676
1033
798
3489
516
237
3627
580
562
33
372
2031
392
846
982
393
491
202
1184
116
688
865
2687
3777
876
2328
685
369
285
866
921
89
595
1456
1889
372
172
274
619
1077
298
630
599
78
214
413
279
35
3501
1049
406
1633
1051
722
145
190
1750
203
303
1970
387
1169
2904
64
1278
253
730
504
820
461
92
893
2128
204
802
855
545
336
99
647
1428
213
2387
1
186
514
521
261
255
606
381
412
2019
183
407
456
1585
164
799
633
316
1281
935
1218
3614
377
205
584
675
178
297
852
172
353
285
330
201
776
287
115
718
165
143
769
60
689
654
1207
659
919
1168
410
247
1824
701
2587
170
318
276
1462
224
296
551
1469
606
1051
256
1497
508
167
340
230
657
529
138
89
100
549
515
731
1788
1118
262
587
500
132
1000
296
665
601
155
235
361
2028
302
1365
1412
269
2176
2105
543
148
486
16
733
1184
613
752
347
216
668
178
134
979
1435
1541
133
1124
914
192
835
734
59
1728
60
1090
3105
283
252
680
192
1613
938
896
410
484
273
653
987
1563
438
133
1091
1642
605
1110
216
1149
334
255
116
346
3546
2475
386
212
1974
475
53
434
256
972
477
1342
370
1199
1205
256
133
230
209
604
540
2511
1776
677
1416
99
260
559
313
1665
1521
1250
362
855
290
186
346
465
186
4191
188
341
110
1738
2373
988
921
1275
182
746
651
338
4097
47
1764
2339
198
921
2646
274
84
871
398
674
673
246
401
905
1342
281
1427
2585
684
254
2348
476
450
1256
4479
1123
247
940
105
922
44
130
28
222
163
158
1194
199
841
143
953
1889
450
163
1346
56
983
329
234
3445
3354
34
56
436
1
2979
1071
5229
228
102
387
1774
530
119
3557
614
475
333
1122
1636
546
256
548
243
3359
61
153
420
971
863
614
1630
1102
860
137
426
328
166
2187
501
2995
4738
658
1498
28
227
278
288
444
375
1331
160
152
366
540
449
1469
447
375
1474
240
662
166
993
2181
649
1196
86
2122
342
235
505
21
146
1306
1512
1747
299
74
3417
538
164
610
1110
1182
1582
389
163
1483
193
166
218
280
652
518
249
526
444
297
487
711
384
428
1182
311
444
657
932
254
255
347
686
924
267
114
349
2552
1634
953
338
523
768
378
182
161
633
377
1425
888
307
972
2156
122
164
2333
340
1126
1130
759
681
377
6
53
827
2196
657
175
397
2504
119
2853
1791
1198
47
233
185
513
561
546
797
984
250
220
958
679
188
1092
1103
701
557
921
454
23
146
1001
2582
1769
59
1299
298
94
508
583
610
834
854
154
1028
199
445
1867
263
66
378
1347
668
251
622
144
714
650
321
1005
520
785
54
696
83
97
1285
631
435
2546
340
59
746
68
443
363
5028
543
623
837
668
357
149
22
1926
1339
289
898
624
490
1493
529
55
296
211
112
216
743
113
1114
1630
219
556
455
697
192
492
333
193
206
507
216
1326
434
4099
3215
2285
659
122
629
135
177
257
707
1635
1880
65
3290
1856
520
65
1413
1320
35
111
395
787
5364
2357
1015
323
791
488
38
568
1680
1027
505
913
1847
369
490
2445
256
199
408
634
74
645
672
729
2536
1156
1230
1798
816
700
62
810
664
1078
87
1563
342
336
248
527
443
725
298
487
2266
108
410
16
2511
544
234
459
778
234
1271
858
296
248
1118
287
54
547
1115
168
280
311
1617
390
969
293
151
102
1150
461
1032
27
46
79
209
1236
62
1449
185
302
1
81
1719
276
692
1303
276
882
740
205
287
564
662
308
699
1548
794
476
2030
475
95
1149
1288
1245
49
181
657
135
225
527
4896
61
1430
451
316
456
1111
129
2443
484
113
106
516
1027
1083
173
241
496
571
400
2
581
1474
753
3596
458
1157
749
1251
2709
1589
183
78
498
1970
23
48
333
181
548
2421
352
1041
171
1238
195
216
1098
754
410
417
73
576
736
346
22
3468
432
606
559
394
694
309
1194
1359
65
1187
40
1671
1062
2814
163
246
1047
1628
218
53
1410
498
193
204
544
803
274
576
1071
399
1143
2065
126
148
594
54
1247
213
1057
1654
348
2025
142
121
1346
885
304
553
130
1242
664
711
275
243
118
371
573
325
1032
6
1
1117
684
987
127
560
470
783
817
1064
1808
259
843
763
3469
341
354
961
397
120
1716
833
148
567
49
109
450
375
1260
1657
334
682
506
396
7827
296
626
140
1744
712
211
1386
617
242
860
482
111
207
982
124
131
156
176
2217
72
312
284
764
366
3584
825
176
327
745
824
1353
135
301
981
655
295
3403
257
1172
494
40
449
85
103
679
1049
338
963
832
445
1236
2637
21
214
574
518
17
479
3596
1175
605
878
263
25
29
559
651
691
124
543
780
150
1437
593
733
303
1153
45
676
260
697
37
302
1160
218
61
544
1128
209
104
51
234
660
123
128
20
21
724
2108
259
394
958
2840
1588
395
821
1532
207
46
233
495
283
615
603
566
1164
240
585
1644
297
604
3902
2026
71
3199
557
491
212
628
3
555
632
1259
1309
1028
2604
117
64
845
1474
555
778
2924
16
228
695
368
869
107
952
612
170
94
629
1262
288
371
2696
1046
118
1217
772
234
376
558
865
1067
674
373
360
997
546
385
1102
223
174
77
663
4381
1028
342
1061
634
211
445
34
309
53
587
147
1993
637
772
349
33
962
1442
345
1294
185
975
302
286
1619
251
1369
1325
27
681
237
525
859
36
770
549
1
174
832
218
444
618
669
514
585
102
124
32
991
487
787
741
178
201
742
1067
346
3123
195
858
274
1834
1095
2875
1224
2751
485
20
643
511
617
338
1370
362
150
1048
518
588
303
598
670
476
174
232
862
33
298
3
275
3904
172
1036
286
960
165
317
80
580
893
38
145
852
124
1895
393
300
771
1102
23
1339
320
3097
394
268
280
1651
3053
293
106
407
244
377
652
4460
183
418
2842
100
634
756
259
631
32
749
289
645
221
177
14
401
88
2061
3767
374
1467
425
177
511
401
214
416
541
1870
469
4859
148
50
1139
1315
1871
442
841
1417
246
1144
5761
268
526
271
987
34
3738
777
403
211
471
106
250
1007
893
621
654
450
716
60
155
179
736
1780
266
1016
732
350
17
251
622
1289
224
293
517
173
2131
1133
1609
786
498
495
170
170
342
113
482
507
237
266
1508
545
790
138
511
783
534
344
246
3431
529
35
490
502
220
122
239
678
359
527
1310
317
927
936
672
240
435
834
632
1046
451
437
1406
1820
65
1134
1171
3207
772
1023
865
428
1948
811
1544
926
251
726
584
2008
800
667
1669
404
362
2964
704
70
1214
1335
50
796
722
1811
806
213
509
85
969
59
335
773
1534
662
130
1044
1984
467
4
1293
605
1878
1907
269
388
21
4292
62
549
1313
347
2135
582
660
359
179
433
125
804
461
542
388
117
476
1260
339
781
471
382
266
154
1008
226
226
395
406
600
281
3235
294
889
481
719
192
1089
893
702
444
688
303
395
535
314
290
246
735
727
6360
1122
549
292
337
736
933
995
814
548
773
1895
369
980
1299
621
825
186
518
202
292
1371
314
117
1085
593
577
612
585
278
368
543
473
740
1108
428
1450
761
151
420
1173
39
97
239
1436
1438
386
736
177
909
575
824
99
491
831
156
417
45
1549
1232
2488
243
182
605
449
669
803
1838
904
181
766
1627
462
237
494
165
718
870
92
801
432
926
1948
694
1031
452
198
1242
251
549
2729
339
326
606
537
222
605
727
1088
946
740
321
365
271
450
603
723
639
2647
672
233
3814
555
884
647
198
97
369
142
453
490
1252
529
27
1764
6171
1073
830
1057
439
391
1091
108
409
83
2283
744
430
972
438
1840
308
865
540
738
1533
1358
1004
112
3319
680
862
2454
46
1293
541
342
309
1348
272
1595
263
1024
2028
522
624
4691
3101
714
423
2680
233
121
470
1526
134
947
816
1199
137
1267
1565
1069
675
1445
729
1327
118
121
511
436
642
410
276
177
131
132
239
321
189
629
434
718
382
2216
18
251
586
228
568
617
1229
165
308
231
688
1141
2026
4655
670
347
209
118
999
226
312
229
721
121
2431
90
1170
297
594
787
71
1700
541
2355
432
127
287
1545
723
88
336
273
391
376
305
131
478
1493
2612
1436
1106
66
1379
562
756
11
268
370
397
702
146
1436
878
967
324
1325
152
1170
1293
46
752
659
2849
246
683
565
2663
127
104
516
367
99
1205
274
440
1528
177
583
1582
1950
432
1262
89
273
5115
1669
1300
1132
1384
1621
96
207
417
156
692
596
437
3381
534
641
413
3616
99
266
99
1457
87
805
107
149
505
874
64
250
935
2234
1968
1426
1318
283
531
1178
1071
72
2936
833
464
696
547
137
4771
716
149
747
749
2215
479
125
795
4463
318
424
1186
570
552
482
1254
203
474
417
395
718
380
620
699
197
145
133
406
829
36
612
519
925
394
1236
504
1422
1208
721
776
820
447
1239
1107
412
704
192
985
2118
343
848
321
443
613
641
137
700
669
827
664
483
1239
115
156
68
365
39
443
209
379
1087
283
1272
840
68
326
534
684
917
599
2042
533
205
1763
1626
1649
576
437
1218
321
28
530
693
1330
734
1028
1233
2202
848
1532
892
22
159
1302
421
333
1859
380
273
628
1063
827
968
354
103
184
192
603
2352
389
151
4121
422
364
113
365
1040
1078
1411
435
280
1344
2635
955
283
1
513
864
44
189
622
239
253
294
652
244
531
454
1474
224
782
2079
336
531
877
1070
532
1532
43
325
320
664
1850
257
1006
3040
866
807
502
596
794
412
447
1506
688
163
3140
118
168
174
412
905
726
622
166
334
736
38
79
291
56
929
211
3257
2254
1103
203
130
55
500
1878
78
396
22
175
652
676
1446
244
692
407
950
97
289
742
553
3710
2575
595
367
138
224
4343
730
120
758
4442
2259
770
170
182
412
743
395
1674
1047
1832
709
1986
30
439
204
555
87
895
224
531
184
168
448
322
411
214
576
156
207
285
1711
166
862
122
186
679
144
212
381
1948
95
4508
594
68
899
66
1053
1607
2026
2283
69
955
40
100
2483
248
308
58
606
620
672
1224
964
4090
614
1252
462
350
448
297
385
744
112
775
1383
881
149
105
47
1135
1183
1143
1234
1307
4582
345
163
75
1131
928
2607
2684
242
654
1667
720
632
604
2219
232
1469
49
1021
772
1142
1040
1294
529
1918
134
619
1218
1247
1166
245
1682
501
380
83
1076
141
228
623
302
645
470
786
512
463
466
12
649
989
154
1391
478
3887
1205
62
42
1356
587
368
818
239
2171
355
533
684
578
234
70
522
290
446
410
96
240
353
506
103
291
471
1101
342
608
72
516
15
42
232
578
2265
106
266
1202
22
593
63
94
1706
446
1256
2535
836
389
1197
181
27
645
751
546
461
1840
1222
221
1116
418
25
196
735
464
442
1720
6391
1668
312
2157
173
469
683
1677
198
1429
63
312
931
1016
349
42
871
419
297
857
457
494
78
1044
888
852
261
592
339
737
408
661
297
818
267
757
71
38
934
273
352
330
266
389
218
298
177
149
403
2314
307
237
84
1357
410
2459
1457
240
652
317
105
708
361
1031
346
1234
516
1053
30
978
458
334
232
276
246
230
875
77
1549
2365
613
143
364
2112
873
223
367
153
611
500
302
544
565
489
1363
327
698
805
641
686
338
3243
305
379
467
1948
2548
37
372
349
163
1319
320
176
3267
214
58
1103
2381
174
1545
376
1358
40
198
648
505
33
142
476
653
182
598
2431
540
806
1841
1097
638
180
1320
322
191
337
1570
229
1097
1073
180
138
649
1219
106
526
151
778
133
557
711
440
377
180
169
231
548
270
1036
1588
35
172
1526
306
1515
857
245
365
1001
69
222
33
1790
1922
1266
288
370
3092
604
564
465
2085
1920
1095
1910
370
238
446
1332
1400
786
545
4236
410
629
428
538
205
888
1958
773
1436
206
3718
3423
230
423
468
109
352
573
1644
866
263
55
1260
701
1583
847
874
556
818
2943
558
1041
952
198
1006
222
1076
875
312
131
122
2507
641
941
171
258
719
592
106
142
1047
246
289
635
1446
156
2333
1019
863
768
468
1519
474
364
862
342
3599
1284
695
385
123
83
435
507
1887
49
94
973
1060
363
864
1
2710
53
234
598
1531
153
591
117
1643
294
494
182
146
3103
983
499
1903
440
312
1268
473
1030
487
77
48
294
2197
341
387
376
120
104
74
405
306
661
249
669
271
17
874
500
1092
823
1645
113
53
1095
813
767
71
1202
987
142
92
1008
847
393
900
1293
309
334
549
882
1445
2035
265
367
516
811
112
245
156
670
165
84
221
187
1882
1652
2706
634
1453
396
2255
92
1167
445
1650
522
229
76
851
106
2512
1246
514
628
386
203
178
355
250
415
1165
155
625
405
691
1311
610
427
749
3491
482
150
62
30
222
302
204
1478
2466
769
513
2318
384
97
164
3305
888
182
1809
340
529
5099
626
499
522
21
555
1707
768
1448
731
1773
473
225
6
1695
1634
222
81
1476
215
731
864
1255
1041
1138
555
178
1531
246
720
613
1054
1856
102
380
395
961
549
1001
2460
97
6955
549
173
683
727
449
408
196
206
920
583
250
226
246
1070
947
278
187
997
144
687
524
97
1030
553
54
769
674
1048
182
1377
1125
421
102
279
2564
289
1469
63
207
273
341
254
2786
1871
1031
168
945
627
470
887
1300
52
350
483
384
466
1981
139
1032
179
354
1563
424
385
3799
451
602
2637
300
787
606
111
708
439
1653
1779
2320
618
437
628
290
126
79
1749
840
406
4739
742
395
117
1710
104
218
385
246
646
2334
1944
773
1245
256
113
218
1101
1160
1297
410
68
8088
630
328
111
713
727
597
138
96
2224
104
1015
201
2666
675
853
189
363
664
502
641
160
642
870
2183
4315
26
560
560
359
769
367
481
1152
189
667
169
1593
480
1174
227
3161
835
981
99
986
635
3263
1266
916
431
312
481
501
1116
66
790
5485
178
350
744
869
334
824
1437
2716
231
1187
94
1251
982
168
131
697
165
1207
1491
1949
1383
286
580
769
342
162
4613
101
1061
1400
173
800
84
2232
1298
2849
1521
520
328
334
474
153
1268
274
116
374
314
997
211
443
232
329
1678
463
632
6
681
1062
1912
221
466
357
3142
4879
200
1161
315
739
4953
388
37
350
103
611
619
650
2872
126
680
1485
140
165
256
2506
378
633
736
168
1661
628
1195
844
416
6248
132
976
268
6077
606
291
377
400
723
255
178
628
294
1245
995
1879
3056
51
69
405
23
70
3015
3638
483
1562
1907
1360
473
733
97
283
141
280
258
240
560
429
1178
528
445
840
961
235
246
126
132
1155
1260
715
1365
4001
703
1527
90
1681
462
557
139
2118
964
209
1587
416
221
1546
400
1325
768
2667
742
45
402
337
133
797
422
2328
712
36
208
1687
2635
74
3686
1023
533
114
2774
830
1351
93
185
364
178
492
618
187
678
509
402
1165
213
665
92
746
4182
1512
356
315
403
321
295
526
486
319
578
141
94
1443
297
2963
389
12
68
1690
2125
708
546
875
1288
25
2068
1143
473
25
71
489
303
728
745
1209
184
299
317
664
982
260
877
1432
68
363
861
735
121
170
183
373
952
612
2855
180
180
553
866
690
271
96
212
4220
419
1982
1203
102
1134
506
547
585
1306
768
280
1976
918
360
203
1438
1373
401
311
734
127
815
811
69
9
436
27
1132
439
1129
258
347
242
773
257
667
126
478
755
1053
1469
490
1176
219
179
159
256
160
690
1186
3460
580
2088
717
424
480
1228
2648
666
419
250
473
995
301
182
345
298
1028
147
841
385
208
406
1709
782
1340
166
573
145
881
287
859
866
585
673
1002
808
70
826
777
78
521
1037
1799
230
277
379
65
1291
165
306
81
536
947
307
68
423
1025
541
2514
419
581
474
109
894
337
869
230
1283
419
1098
1040
635
1102
480
852
439
2400
245
385
65
395
272
52
762
1088
576
87
217
1503
1652
2372
243
692
1235
275
490
215
908
968
353
144
80
966
720
879
595
36
356
534
1983
1053
164
1197
3080
354
399
196
535
712
149
889
1339
572
162
263
633
232
437
2859
282
2961
1229
879
278
456
198
112
1832
690
366
81
160
217
1578
1744
382
1300
360
240
764
349
172
515
462
533
1300
698
208
2236
1231
589
502
1048
209
1042
308
1380
355
573
646
4178
1422
256
1893
988
3
360
1577
1200
543
104
792
246
7
3454
1517
141
229
570
16
1703
200
576
137
369
153
156
337
314
498
2243
67
465
597
543
1054
1056
430
540
223
2708
651
621
867
1320
233
932
113
133
409
488
1356
1062
1147
126
77
143
581
371
380
475
471
199
818
97
212
1628
883
47
88
269
331
660
1128
1236
1599
395
5021
2549
240
962
839
106
336
1237
212
97
669
377
19
754
3103
379
3578
839
4719
301
106
494
3855
448
69
3059
342
434
6581
2399
42
987
2663
448
5246
776
582
257
1291
126
289
1722
4284
157
694
181
114
1844
81
267
1372
219
185
166
278
938
126
3778
398
620
692
1784
291
571
707
238
1248
2944
1426
571
1106
206
329
1091
259
241
221
257
683
342
130
133
329
277
70
901
648
1873
146
390
335
913
261
285
848
962
582
513
233
1052
85
440
421
3901
699
121
912
209
453
89
3238
702
22
1072
1306
2188
4299
461
416
810
638
17
639
637
562
131
760
39
540
750
293
213
3343
1102
1109
1099
757
1100
569
3
852
1321
4154
1270
407
1477
248
1297
906
410
139
273
291
806
977
174
159
333
576
211
608
416
493
376
173
3
105
549
153
4183
1213
432
3892
123
443
2
45
340
834
411
1268
825
452
370
510
768
359
2332
313
1884
119
521
1171
992
776
160
858
69
454
124
372
56
330
432
411
368
474
478
93
2406
3983
498
87
51
321
1205
810
458
731
4631
904
565
2127
774
392
64
317
230
210
146
158
73
1490
1819
1738
56
549
439
269
423
611
944
632
746
63
609
1538
409
187
2198
1572
234
1759
38
4217
1006
329
95
105
2862
1182
500
1383
110
97
243
361
46
911
708
221
880
558
668
696
223
1931
61
440
932
909
1638
671
223
315
1324
2604
388
263
422
7271
473
140
427
6235
962
9
391
306
367
311
855
297
224
1108
292
438
18
807
972
417
404
747
615
291
399
30
1339
805
1622
445
1711
147
36
2462
251
1557
98
589
272
5030
683
263
670
1041
55
634
398
423
1216
46
144
492
586
583
1022
1019
107
607
420
179
1101
345
347
341
2313
3838
492
1119
1483
923
402
515
951
169
267
5757
913
1887
105
69
1050
3037
3447
20
262
404
408
214
222
2875
23
204
393
390
144
106
567
650
586
2686
273
361
32
1461
739
81
334
568
1023
310
1527
181
500
1527
1233
324
3964
53
574
39
807
794
564
505
352
253
812
2286
1000
586
1460
1024
936
96
382
257
98
405
880
103
4035
1831
550
4167
853
1250
203
265
203
73
816
294
280
510
86
204
2114
5253
1357
126
2078
1828
641
688
745
169
680
129
3702
450
249
1162
245
984
330
265
2547
916
534
711
612
254
191
1663
519
925
833
539
320
326
5518
110
171
1040
412
473
192
3560
936
368
248
65
630
121
1517
944
3185
440
1610
276
819
1119
412
209
151
120
20
1046
648
105
374
305
637
43
3263
453
749
435
133
130
454
151
662
815
1444
1163
950
398
600
674
356
653
3640
3024
489
1193
66
1153
857
79
512
1081
190
207
222
446
195
2301
471
628
701
584
1016
1222
276
393
841
862
1032
320
401
279
194
245
249
3079
1019
38
1853
383
442
26
998
898
681
2143
165
62
1311
627
1041
1769
1055
1094
391
783
508
296
494
522
191
424
664
512
298
215
320
2385
372
415
254
472
484
745
368
729
908
242
797
321
833
1505
1336
516
266
271
159
922
1256
271
3287
3693
519
1008
12
1009
252
478
74
440
494
53
2392
278
976
5201
463
2390
362
144
381
302
402
762
529
1327
2679
303
114
282
772
2009
957
203
1142
296
250
82
39
523
1120
21
325
306
723
417
425
646
471
825
394
1161
235
533
15
479
255
3981
342
731
305
245
927
1885
234
721
327
865
181
220
349
2228
190
1119
932
654
279
195
1698
2922
1090
801
1004
160
80
44
8915
1770
4308
375
1197
3287
188
2274
687
129
1276
3541
729
870
151
69
272
712
227
100
1382
55
2809
32
761
702
256
1110
346
896
889
3720
346
1077
553
807
377
1103
412
45
500
3471
184
4539
367
459
2546
797
432
1161
1129
789
588
247
305
116
1026
730
1220
802
372
202
218
374
450
637
436
704
743
538
483
1119
93
1335
221
500
153
610
1
1419
2115
789
530
137
1082
1194
40
3412
586
359
298
258
263
1501
1612
762
384
530
869
296
474
467
3304
224
1778
1440
254
935
778
396
273
2437
212
293
579
232
1000
2019
358
137
605
1352
184
615
237
134
805
525
415
373
236
282
766
714
992
2577
3815
214
3752
159
36
13
16
919
306
660
415
1390
145
3362
176
453
1198
750
366
44
740
2644
305
1700
623
1155
1832
144
66
468
421
303
1312
1780
1187
566
410
454
311
182
544
2259
445
568
987
629
2062
468
152
1367
149
596
332
205
105
44
1554
1315
206
1037
164
350
1688
663
661
157
1355
796
700
529
361
4618
192
845
753
896
1491
445
618
410
2802
260
173
103
595
483
249
168
1748
36
705
266
287
461
701
402
81
371
118
1379
4471
1466
861
472
602
658
651
2158
757
648
276
160
207
238
500
188
117
357
26
29
204
1026
405
403
378
62
27
158
1186
4099
1487
450
220
5117
137
79
1591
220
415
117
420
345
38
5476
620
1418
79
484
974
1774
1585
986
1291
1250
1035
1640
69
305
213
275
611
634
418
514
2657
705
1824
1040
724
1313
406
855
247
230
806
4892
387
2036
318
657
392
1466
2708
151
48
1283
353
1023
467
236
410
161
21
694
1668
922
481
424
404
1285
441
2821
519
213
451
1124
500
589
41
153
2925
538
1833
95
247
779
1713
298
14
910
1311
538
367
314
266
124
611
18
137
233
1307
869
268
536
952
1674
186
469
164
726
90
361
1463
99
283
182
1144
742
1131
4338
66
49
294
282
1201
1316
202
1021
1094
1548
1268
2264
641
96
270
636
189
3138
363
724
494
5466
48
626
1350
244
1128
91
2090
331
780
256
300
591
65
367
689
25
805
670
203
526
1493
321
1263
1339
332
99
825
11
31
1334
176
424
590
593
2292
299
1412
1079
1841
1017
550
187
1436
928
412
776
9
311
363
103
283
562
509
745
465
352
175
277
532
905
1025
328
70
1523
3007
337
1156
224
3153
5510
98
469
944
363
1298
305
161
223
1526
96
1744
4485
532
2563
261
30
156
807
771
29
118
208
334
1488
2937
2929
588
311
360
490
698
128
1482
1253
3956
263
57
699
654
1654
716
1575
55
197
544
591
295
3056
1150
186
620
475
291
1849
89
394
26
1060
300
1149
163
585
98
48
1751
4651
347
2357
127
617
249
33
2481
116
376
1692
390
563
940
33
313
414
586
332
137
467
919
2364
577
177
2040
686
490
94
79
643
232
959
305
710
172
18
3679
1614
118
43
1290
290
754
2478
275
314
1078
3652
364
221
468
284
555
588
1029
802
242
2037
41
494
3472
364
58
845
223
349
294
164
430
75
1109
597
207
213
2953
613
529
368
146
610
245
87
2476
3884
649
78
103
4216
113
370
2503
372
369
7165
343
1914
385
266
446
582
552
634
104
2557
1341
155
525
398
983
261
170
545
5
831
293
144
507
159
133
223
88
98
126
5203
1364
2385
194
363
305
692
168
472
626
1362
191
136
325
438
816
523
134
880
1230
712
277
915
19
1822
778
1212
605
1898
384
710
164
101
466
274
204
284
1254
837
530
372
348
238
946
762
35
487
263
468
837
129
1629
1036
4402
270
1017
608
232
187
45
330
1520
4310
1500
864
1641
752
756
1251
311
537
154
283
562
621
417
92
3030
260
275
123
279
3734
318
79
2277
438
183
190
439
13
468
583
564
398
314
697
132
318
1235
158
377
1110
2709
216
944
244
515
604
472
72
1489
232
46
966
376
339
2013
529
213
346
4096
699
1181
230
20
792
1085
74
2152
669
168
1560
845
1072
1488
2616
415
1326
1924
1422
1374
2040
207
746
486
88
64
523
236
518
459
265
1069
1171
124
261
623
559
535
253
115
331
1559
1047
161
3064
654
257
1077
1755
400
2868
693
1285
296
179
5232
234
352
746
792
493
1050
461
562
167
245
460
291
635
659
1570
578
185
957
247
797
1364
198
632
992
117
663
1216
342
117
719
1092
572
583
374
116
4410
241
3816
297
627
982
177
119
672
223
37
217
856
159
69
465
2250
418
417
333
381
554
350
717
1558
771
247
439
266
381
632
3725
311
2154
1599
542
3621
347
507
381
8
1484
261
212
396
2632
450
431
248
453
407
256
487
577
20
364
1345
93
98
323
636
697
905
166
1075
124
1112
2928
1027
352
87
3365
290
238
617
391
30
1298
55
307
1263
1030
184
1661
254
298
298
403
1387
55
1844
1266
365
540
498
81
659
70
294
700
101
135
334
785
791
145
166
198
1197
998
2163
46
263
3222
797
179
3277
2648
770
20
1587
550
2957
743
647
452
612
136
391
28
119
1628
651
59
408
285
1199
610
3852
789
634
263
135
224
813
520
369
2431
808
710
136
189
54
640
1332
262
718
399
899
548
255
180
294
355
245
122
736
69
1128
49
2691
512
295
379
1002
158
362
455
639
1404
128
347
780
936
686
504
1081
568
552
2644
275
105
500
353
635
580
1107
952
320
181
548
685
200
306
89
352
1479
291
182
1073
4888
131
270
572
393
94
20
1744
82
356
687
416
454
251
515
981
1666
915
414
743
145
760
1283
410
1083
542
368
254
604
741
396
51
431
65
898
800
543
245
1034
193
119
271
119
447
849
346
1198
564
548
1095
499
499
514
122
747
729
951
260
668
337
45
985
97
937
405
1023
636
1673
190
123
1208
208
524
59
618
1020
979
894
444
312
3268
644
277
29
463
324
458
551
401
1686
193
284
1332
926
471
163
585
476
1110
196
348
396
428
436
2378
300
2936
368
1362
552
532
201
2892
415
1082
504
330
113
824
1019
581
59
1095
703
267
242
242
100
1049
782
235
4
212
53
53
3416
94
1041
449
680
922
129
1288
498
237
287
619
4240
542
445
1105
3675
209
1223
4009
1679
438
1564
12
154
216
133
31
2971
450
257
1111
1027
807
764
252
214
329
3675
748
713
735
77
194
212
1571
542
108
1761
2672
129
259
338
1858
1262
171
844
1626
251
389
219
405
628
207
1139
276
707
537
61
186
1124
524
1579
646
134
962
540
460
772
375
596
772
282
782
1421
545
2979
500
58
173
4402
112
652
581
451
985
445
475
205
69
104
672
4038
118
511
409
548
181
2477
7
814
617
612
327
2518
739
410
546
1773
615
1078
1113
3613
51
152
1438
1365
2815
2092
1100
541
99
142
83
1884
90
98
134
711
12
1178
779
674
81
43
774
3246
143
402
254
410
461
438
301
196
155
959
1857
297
1102
267
1423
151
1245
2385
50
427
345
620
485
1650
941
150
47
128
1439
126
247
425
2305
828
4765
901
1113
830
65
270
330
2350
636
134
1182
999
1165
625
316
533
279
313
731
133
401
3405
593
128
129
1316
344
118
286
1123
58
59
256
128
691
1238
5164
500
263
298
1596
133
95
419
1511
69
520
1095
411
738
1447
1206
2022
331
156
390
2161
157
594
229
422
1901
579
383
300
323
1367
270
518
712
1076
1811
419
391
311
173
1496
735
154
267
555
691
242
176
714
129
629
148
179
138
1566
5109
444
41
1163
925
412
785
1033
81
410
1733
214
505
937
995
739
1019
329
70
1322
1581
2131
128
1016
862
362
269
837
842
340
347
197
808
584
148
1876
533
912
116
2934
381
18
581
342
1649
493
251
231
698
2862
768
955
356
848
1352
235
301
463
819
112
807
2906
402
614
92
355
213
263
650
393
129
303
1005
80
1784
1002
631
900
962
1090
654
449
641
129
485
251
865
67
248
396
110
337
107
356
276
161
438
422
565
27
867
74
902
358
1104
129
310
624
1913
226
1095
286
74
403
392
253
1435
213
176
279
3819
157
2884
349
1100
504
30
2142
321
188
1044
715
2283
836
256
172
915
3243
160
201
514
670
222
688
265
323
643
1126
123
17
541
478
1059
219
151
146
316
1198
288
107
271
1369
39
548
137
942
2733
2887
220
3262
413
89
3315
37
600
632
580
184
183
1039
492
513
481
90
187
778
750
239
1261
1986
205
492
5047
525
308
126
1105
776
124
317
91
484
247
44
36
1017
417
609
132
741
2444
303
234
1410
619
336
3209
193
903
187
1395
415
321
322
345
411
589
98
671
1993
261
172
1441
194
32
420
227
705
1525
321
25
274
1254
1726
3166
3041
136
1567
144
1433
465
1307
1284
713
429
517
2086
641
1082
808
60
394
195
617
4526
1302
257
689
186
426
1600
313
484
437
665
751
1649
311
167
683
171
137
2475
4024
573
890
315
334
219
1242
1645
601
451
691
71
2364
632
173
461
72
648
541
203
684
32
1606
594
453
917
1812
921
381
420
128
2271
1221
1421
1110
564
288
77
288
805
993
413
36
172
476
14
1
896
108
153
531
19
417
280
76
443
829
2377
1042
505
659
842
766
1266
4862
698
358
1899
68
3431
322
2220
294
731
287
329
316
1762
691
629
305
858
660
456
1649
562
280
932
820
625
277
688
358
422
2466
476
925
708
607
222
2270
539
1336
155
221
82
574
1007
606
23
658
174
763
49
282
428
101
1330
981
576
381
259
1023
757
1431
2490
2755
933
229
2123
386
100
336
1203
147
131
568
412
266
195
333
1593
1005
2851
305
447
677
47
1400
834
1364
177
81
302
209
251
501
540
1440
1385
538
5556
270
426
98
1096
1116
446
684
816
179
1072
243
194
72
39
628
2733
637
113
3796
818
521
1839
327
1857
137
2246
1215
663
672
56
725
385
1934
122
581
368
780
402
569
59
483
1056
1444
1423
150
653
351
639
25
64
339
695
597
1628
705
1205
495
229
1198
970
520
404
230
530
1168
739
615
1053
405
4166
296
3493
302
294
313
130
269
591
466
344
143
556
165
398
329
924
578
23
53
114
1202
483
340
252
248
508
1925
161
59
63
1006
1568
142
413
225
112
146
128
186
92
29
78
1013
197
104
1148
142
1588
130
4219
569
246
102
577
733
752
157
88
449
1462
266
7
227
212
612
526
262
200
1047
592
58
853
421
59
459
12
2165
29
937
875
355
2647
213
98
68
1786
2450
357
142
163
2337
102
357
517
273
458
341
354
540
1526
122
119
106
902
69
213
599
776
969
65
4336
254
1441
146
435
691
127
358
776
1517
538
114
327
40
327
780
336
1146
129
2869
1050
5161
1794
382
618
335
3221
1945
725
572
156
1521
412
92
423
4157
775
430
116
389
3
1592
92
59
1442
200
1518
311
318
713
297
162
1904
925
451
1066
345
1790
421
270
1063
2250
96
211
442
210
56
542
2166
558
92
446
523
624
357
875
991
706
409
83
579
145
713
291
692
1662
920
812
547
1225
759
437
330
617
1232
941
196
212
579
424
650
73
992
374
235
4364
40
674
56
157
84
220
4651
562
98
29
512
88
79
348
318
941
149
423
1868
3596
51
286
553
246
973
72
418
169
3278
2200
267
156
527
1147
1188
214
298
421
1311
597
170
837
234
589
107
35
450
510
85
118
610
1050
225
436
1000
735
2616
50
82
37
373
3536
763
394
169
130
67
1266
135
292
780
609
322
863
1466
1812
172
263
369
195
246
649
98
3400
100
128
703
637
3075
276
169
848
536
109
30
241
1022
2321
271
1245
55
1304
358
337
1432
1245
3606
90
316
493
713
231
150
541
3983
269
707
1073
861
484
354
1731
1679
788
686
884
308
1524
1154
837
539
233
1745
589
954
166
391
718
962
688
3520
924
57
512
733
658
285
183
1310
343
486
658
484
504
606
1958
327
999
37
2010
465
155
2825
358
283
1154
1985
495
1469
1902
531
725
2675
60
521
3179
1085
23
851
435
1535
640
554
2822
652
3684
670
851
180
14
598
266
577
688
1218
673
3828
323
123
247
547
1045
173
2573
358
950
318
1021
97
1040
245
796
850
432
1892
52
1056
792
2411
507
100
515
255
567
1743
250
895
176
214
2093
3329
585
259
429
4186
794
707
88
242
205
59
43
894
585
897
265
4
347
647
1521
87
85
112
764
806
3018
1313
2704
344
1016
120
1204
3562
475
385
544
1995
94
595
598
1327
668
4652
291
458
4292
252
431
1141
16
178
435
1257
1123
439
316
1000
113
11
572
190
34
741
562
1375
136
386
246
452
194
3114
862
423
247
708
101
989
2638
4896
179
257
578
674
3333
403
283
1040
95
609
1783
199
70
580
712
277
713
53
735
416
311
47
849
2132
656
1042
619
66
322
96
4477
75
178
218
902
315
707
790
3078
306
94
298
909
795
395
964
386
478
291
1004
111
551
1584
231
574
305
1700
527
52
239
94
776
731
281
374
912
78
252
164
2189
168
1182
489
706
53
967
234
238
552
1172
554
654
34
284
3040
169
697
142
400
5181
88
139
647
504
236
428
4468
1321
895
1448
777
704
51
1475
792
312
381
6822
903
669
1101
807
742
665
396
311
320
231
1162
204
136
652
566
973
1537
298
543
2779
915
565
132
554
365
50
281
244
432
500
472
730
45
8
750
344
16
1445
261
262
246
118
1004
459
403
203
127
193
1112
2036
222
215
2827
1140
3518
1585
4298
1091
16
24
104
499
1036
137
299
258
487
213
434
2100
871
512
448
489
353
130
393
842
3129
785
201
1487
1020
183
297
64
310
920
353
715
157
759
1048
73
1712
218
585
139
384
436
99
504
267
196
492
477
980
375
211
402
235
272
252
676
25
579
123
300
2275
1245
437
524
492
2168
778
823
674
730
527
751
1336
79
112
986
836
367
550
287
359
159
525
407
665
1507
528
834
80
89
1001
1390
695
2984
471
1251
717
384
568
1068
970
1023
1863
79
3248
1247
245
220
706
501
611
149
177
1253
322
1368
1057
1176
1300
209
1116
1986
867
763
512
247
117
649
434
88
69
514
421
578
127
2759
393
504
882
1822
1855
74
104
9
1209
811
364
1079
1724
703
456
497
2810
457
802
1565
333
611
97
1312
432
471
351
451
823
2431
74
637
701
76
6909
488
532
2170
944
204
584
340
2719
206
112
293
21
789
204
267
102
311
773
399
267
359
678
463
142
859
685
731
2258
540
921
331
726
852
799
1108
2031
149
599
305
234
706
899
824
134
505
61
331
611
240
327
805
528
4911
1207
718
507
610
1814
325
106
436
415
527
1401
1164
290
794
798
5462
50
1310
281
338
396
537
1614
288
1283
713
206
150
282
264
4465
528
741
504
348
250
2033
585
215
230
72
948
1524
1398
573
616
756
116
1435
631
64
49
674
436
17
62
70
63
91
930
322
762
936
165
196
608
608
883
213
70
91
1022
685
2190
775
1370
105
562
386
355
324
333
426
3820
1401
110
200
791
194
88
159
289
824
1649
358
226
1028
191
104
109
447
1901
1709
536
492
586
367
455
1835
1516
1185
275
1287
427
558
127
2282
520
484
255
136
1625
159
873
430
68
387
252
2857
417
630
201
675
1569
4985
429
950
1001
543
252
482
4239
773
4504
140
731
126
504
77
46
1326
216
211
323
232
462
132
308
308
3098
618
584
1327
1271
254
367
861
113
634
333
1309
1369
1369
290
284
282
585
67
117
700
526
161
102
1522
83
626
824
908
2063
1677
1858
1910
557
274
2414
528
433
499
341
46
876
542
197
670
295
163
324
627
135
240
1229
1226
1226
404
498
1010
2978
920
179
689
859
223
1431
539
310
725
549
352
115
12
1131
234
54
145
962
5453
134
3158
55
218
352
388
913
485
3043
410
805
38
795
3787
651
401
225
739
215
244
2603
1025
91
756
496
516
64
10
279
263
1440
789
209
718
1119
573
3241
227
583
1760
538
490
634
157
1136
2291
246
144
119
483
4624
602
119
656
731
1601
839
1450
5
600
550
1102
129
170
84
301
3809
525
275
2989
239
701
708
251
194
900
30
67
357
181
1039
595
1995
298
408
216
235
618
3242
2531
219
1571
854
65
613
279
716
107
226
535
646
230
40
1715
862
4804
145
846
184
3787
5186
322
1790
215
50
68
48
185
163
421
177
159
3471
67
296
584
568
403
134
316
311
313
458
74
2910
1021
194
31
4469
1150
255
246
318
1030
146
1504
101
1598
1316
4774
321
492
202
439
21
225
471
379
1078
716
437
319
332
3829
888
257
572
892
244
655
100
1131
544
847
737
85
499
861
499
489
1272
612
1778
542
1283
836
801
1227
147
1241
1100
1518
808
469
553
166
116
105
119
526
923
1144
595
2057
130
2449
130
6
618
311
1324
3727
482
630
183
4622
248
2129
892
986
58
649
269
85
443
103
6647
77
33
469
280
113
84
1597
143
1808
637
141
462
2822
26
233
45
524
1198
303
1556
352
116
60
102
16
2040
242
4176
373
156
168
2720
804
2517
255
136
1388
673
767
185
127
892
5082
22
3553
54
467
798
229
924
203
399
595
118
861
1344
528
707
4897
209
602
219
1910
534
49
566
591
419
107
179
1714
617
658
287
3392
26
178
441
2386
748
521
720
120
212
718
10
2821
5749
534
608
1496
254
652
753
132
2157
275
2718
780
507
337
195
874
436
75
1520
2357
2846
483
459
200
482
390
512
835
17
256
471
582
674
308
344
314
256
590
1241
656
500
64
1414
3884
814
1425
803
1456
1043
353
236
416
62
804
1308
494
204
133
96
718
982
688
396
288
125
1173
1412
114
132
1472
94
322
410
368
101
647
98
1739
243
66
687
3096
596
348
1778
1732
458
436
1422
1184
1019
159
707
500
144
684
451
847
1305
916
1429
582
1194
655
162
1374
242
723
221
796
107
322
2574
666
933
460
444
148
506
34
308
517
332
3340
562
277
222
606
1034
357
210
672
70
691
2922
1658
731
1670
638
32
920
30
1698
50
421
914
134
109
216
926
516
215
525
497
835
306
387
1003
232
1117
3558
98
341
1387
44
2889
988
125
77
1894
505
19
1519
1106
1308
625
396
411
2657
48
764
11
450
563
142
372
175
262
451
608
395
149
100
954
246
133
250
148
148
346
664
864
429
877
614
560
507
694
373
56
695
783
72
987
1314
211
1221
940
284
226
210
3837
69
304
1396
532
461
1412
186
53
2132
208
201
201
1783
994
305
874
272
2028
1127
571
2061
26
471
806
284
727
41
1681
1029
177
644
256
795
208
4394
218
35
539
2337
373
519
62
255
1072
522
4042
376
273
973
973
1245
1011
547
190
2312
1167
1474
84
229
119
42
109
851
86
627
703
1321
848
698
305
22
394
1060
38
2204
667
763
4372
871
426
1519
235
421
2909
1122
947
1198
71
957
613
583
37
453
837
245
746
100
1001
555
526
191
118
69
590
343
1163
489
543
502
132
313
1023
656
891
156
296
551
204
1951
92
21
638
297
352
337
418
61
316
333
61
515
259
870
365
863
636
216
71
53
35
131
625
562
1575
308
746
1036
4703
89
583
2716
108
607
1318
204
510
43
1169
309
1806
503
775
498
113
256
68
164
894
1470
1068
530
483
40
125
589
2
278
45
1246
905
1248
770
200
90
49
1321
560
489
1588
350
223
1475
1444
266
189
2473
1334
690
747
937
35
788
583
1206
881
1896
71
1084
1250
959
88
33
677
19
375
630
211
340
1006
1291
211
1184
331
866
494
390
582
424
702
34
123
135
225
3503
737
81
309
1209
2015
772
83
762
306
123
189
3751
193
625
3373
374
434
255
4204
2877
690
175
879
801
2496
347
620
359
501
493
1078
3439
306
587
629
7747
100
464
1120
232
460
925
684
822
958
617
109
566
204
564
1100
1354
245
460
2335
43
3868
91
495
269
158
1024
696
1612
93
439
436
639
3037
302
82
416
1978
740
173
426
722
517
759
531
440
1336
288
1821
207
52
440
371
799
1336
31
1257
564
505
227
787
391
173
927
414
789
291
2157
223
552
49
24
702
204
249
592
84
66
393
7356
100
426
342
1567
702
139
485
533
802
301
344
119
4279
802
302
104
137
682
2436
133
196
1265
246
2293
215
1211
468
375
463
236
215
1901
1437
329
732
3011
64
410
697
272
212
1503
679
2107
980
856
3117
107
2599
505
80
67
450
44
731
403
57
78
1345
1764
1219
283
344
662
532
1304
973
572
1226
75
451
82
1505
1633
1963
1285
373
585
3664
197
903
1133
203
470
641
100
669
119
165
114
114
163
7635
1459
45
148
4069
116
613
96
246
527
1295
1101
886
555
515
2737
4275
86
1587
552
362
252
4192
91
169
3403
448
262
539
972
928
539
53
213
186
466
311
1486
1854
366
268
438
207
418
164
1486
4435
708
602
219
173
1066
1346
134
628
614
45
1123
39
708
395
1449
133
460
586
283
275
778
405
157
1276
828
51
4450
643
231
716
231
1359
385
309
951
265
225
628
146
89
406
63
1729
1192
341
123
372
1045
710
260
782
194
132
496
76
4039
1212
477
215
138
679
282
190
312
504
5617
787
524
1613
320
108
448
3717
35
1957
1555
1666
309
589
40
561
230
93
439
802
5435
1372
504
92
863
402
1151
1592
207
141
852
1200
588
78
311
389
341
706
228
263
126
285
83
655
283
400
470
2584
201
555
49
214
489
914
182
1579
490
1379
331
802
287
546
644
547
1382
436
489
773
1053
1515
171
794
165
6
94
585
282
759
870
18
762
1702
1583
294
2907
36
25
2194
2485
1556
345
686
823
671
188
158
502
2
568
567
332
352
348
1736
1842
1049
886
1474
132
575
234
476
3264
543
549
103
3539
369
944
49
1164
69
454
748
382
2239
78
2326
2217
145
276
1089
774
320
526
520
4090
7
2583
664
496
408
1112
523
611
3559
145
1101
1000
743
773
335
462
300
3108
1070
343
428
185
104
338
880
81
1432
411
90
300
370
323
226
3645
99
425
960
3297
336
826
1577
672
70
1526
1480
2921
431
81
245
873
271
906
29
1928
1088
485
833
534
1422
106
547
867
355
304
747
472
431
301
497
5680
1
234
389
234
363
361
953
237
875
165
3461
459
433
174
704
755
122
2489
305
1117
411
292
450
488
1035
1119
119
405
237
395
105
925
850
209
1158
362
495
608
315
636
51
916
436
238
1354
69
1355
447
676
368
813
2093
662
295
595
2763
132
23
114
529
596
274
591
408
275
243
989
64
5574
3219
830
97
38
671
1993
3526
107
81
778
241
345
728
64
495
284
942
190
460
255
3252
947
1171
500
1561
263
135
58
57
27
540
685
465
159
1305
1511
874
372
619
631
476
150
606
1196
376
292
616
251
2727
73
83
380
422
810
3487
621
400
676
895
30
303
1099
633
1202
322
386
247
710
348
980
404
597
286
784
355
411
541
692
3855
4471
461
133
679
6444
4
104
637
3776
2634
33
562
306
101
256
267
1890
551
1097
323
513
802
66
81
199
793
1622
813
213
76
515
890
269
2950
3598
1054
825
1088
150
1542
518
203
272
193
909
398
497
155
230
994
381
69
98
4137
687
115
1426
1371
989
574
489
888
52
899
874
665
189
1399
955
805
155
149
226
555
140
540
540
233
328
50
902
123
2187
1625
471
279
800
2336
1017
230
739
898
203
359
209
4680
841
384
770
352
192
203
377
208
169
110
134
873
214
825
484
635
577
1044
1448
21
458
2202
634
456
218
636
300
2651
820
749
387
759
3191
95
95
370
4330
1741
1413
1072
519
1181
256
432
3810
1003
196
193
701
530
584
377
337
461
251
505
400
772
825
1529
398
106
33
981
822
907
182
4131
1630
461
526
584
297
407
256
1493
3310
430
520
917
4565
660
991
59
103
307
156
681
605
1395
603
177
154
580
620
429
717
405
671
178
242
133
4523
2900
53
522
130
644
62
196
5
287
489
634
622
441
384
1397
5325
563
204
2919
661
919
542
5377
671
884
317
317
390
4742
597
2710
2992
1197
329
732
1943
2330
980
888
1946
386
2338
1097
1093
64
1641
397
871
673
554
711
357
819
41
731
300
386
844
1741
643
192
50
161
99
246
2189
235
511
1130
226
449
1348
38
1351
112
1309
2740
103
106
734
2144
675
1298
312
860
303
54
1881
195
226
86
2261
30
91
7330
100
888
484
2720
106
3293
515
5464
4514
298
246
1336
98
4354
542
1333
963
654
1201
1325
4119
771
1373
3795
419
48
1456
255
36
240
267
1246
389
1126
183
223
681
8454
138
389
546
903
327
383
391
779
189
284
1528
1834
885
1226
226
20
820
231
14
673
510
231
1076
420
856
545
608
741
491
111
239
131
110
345
689
117
2374
272
65
104
453
111
583
86
2571
944
34
876
497
94
428
1695
833
757
482
1111
1114
1114
255
527
1149
347
153
320
4573
125
793
515
298
2422
1038
606
135
606
98
795
1180
796
1042
4898
483
412
481
2147
129
65
49
1498
1187
973
1303
3039
2473
168
46
102
281
220
217
1251
279
80
123
821
475
52
645
745
1091
1206
863
1855
84
122
1189
682
3011
91
2270
1529
70
2158
1880
407
66
281
530
1799
145
352
296
1045
368
1161
1970
2444
344
256
1505
1119
4606
140
1168
1427
913
907
7311
636
567
172
642
659
1489
3666
668
1055
427
455
201
2700
454
330
852
5883
1576
407
817
1648
386
1808
358
113
486
1142
722
1381
840
456
1182
778
5902
565
2661
308
115
786
6923
353
435
1497
1283
1174
377
985
739
481
321
507
2172
287
423
142
1210
370
582
506
1044
867
340
20
1265
1177
412
14
975
1507
514
131
104
631
340
2035
441
125
1742
98
275
610
652
1687
1499
47
220
3481
178
827
2654
2591
5425
497
2005
596
2738
551
728
703
113
519
131
1670
3163
1713
613
2767
827
194
553
20
4112
791
31
173
194
143
91
840
29
1271
277
590
1323
1298
551
130
1706
1512
1677
775
1110
1100
436
1020
170
896
573
3407
5134
172
619
1227
805
67
299
1760
714
2444
99
292
3418
3184
539
732
492
429
68
1265
130
2888
993
181
1468
1529
487
618
643
321
1092
106
135
128
128
1923
83
554
867
3723
2656
249
248
1207
490
570
529
596
149
631
135
778
268
137
486
992
3154
259
434
45
753
1
1192
89
261
166
2129
461
2083
504
112
89
2382
221
215
2355
95
238
2561
58
1016
365
1981
188
675
320
31
4595
79
306
364
205
2271
2609
1572
317
736
160
133
740
1543
46
4211
3613
510
1252
331
1754
981
598
532
818
658
2196
319
474
2405
898
936
1069
305
1170
85
3453
760
2295
154
1345
1140
1189
786
779
1115
212
234
5210
395
1490
236
2397
615
3241
1969
68
780
865
77
2620
666
4783
34
2548
321
297
108
6911
287
4340
507
536
536
6026
78
1290
2919
622
1200
505
54
18
4040
254
5
501
5235
2836
1746
1057
3200
2736
3168
1537
39
1534
566
3262
1350
798
1279
546
6051
2082
574
485
386
867
806
73
850
326
1981
871
2343
416
5905
12
207
2108
171
92
1392
154
1372
284
74
61
239
1649
180
1980
650
245
149
371
84
55
11
1715
143
903
318
2245
2293
149
844
388
45
470
135
28
133
106
307
166
563
2170
690
491
1055
1028
677
300
452
1101
815
78
607
2234
381
785
1211
2187
205
817
2097
536
226
3028
416
1300
425
228
230
269
2024
438
394
645
433
6800
406
163
308
5872
1518
810
6154
249
141
2030
631
2554
1622
749
587
433
323
2410
2080
64
430
290
297
341
2
1477
2150
23
71
240
148
297
423
247
1392
398
2217
1511
573
449
131
2731
1318
21
524
2866
116
215
1174
260
724
1231
714
5083
1880
1977
503
809
208
2203
156
355
111
478
276
738
577
254
1371
261
195
414
94
1545
699
877
100
790
1957
171
2552
1152
1049
652
3
1159
919
3807
1660
933
498
570
33
33
186
501
785
147
1267
549
983
34
495
5489
719
5670
598
55
1074
199
508
141
309
771
280
619
508
13
262
1313
6021
1769
264
237
233
229
536
3771
139
578
1747
172
1
361
6618
906
652
138
762
780
269
887
106
916
1169
522
3865
816
88
777
4963
463
401
65
6
630
7726
576
149
376
38
731
177
315
3559
473
1329
132
65
3732
1865
80
1038
1193
375
574
375
295
2894
879
758
5073
5210
1755
744
1204
148
861
755
848
1055
362
61
6368
194
2366
416
3791
2130
1009
5043
6185
484
273
443
371
668
668
575
232
1846
555
880
1672
1643
5058
3948
54
916
3836
316
116
715
1707
5381
1898
653
2
903
209
840
602
354
691
166
1199
769
56
505
777
776
96
145
3484
970
893
401
92
961
83
3257
729
4973
352
151
571
1164
262
723
1401
6227
1401
252
4171
269
2844
73
295
177
1237
392
2607
6694
1583
809
4867
623
1393
286
5998
2116
1387
4958
631
131
87
296
471
2867
1231
101
602
579
2132
172
2249
377
335
845
809
280
509
404
3556
123
1214
1580
2050
110
275
791
3203
655
2472
828
822
529
396
961
1540
4428
34
2868
300
1106
1679
800
977
95
1584
509
1831
3189
444
580
191
1426
1179
1179
1834
1055
468
867
74
448
1201
2031
4965
642
235
700
769
3870
1164
520
484
146
2311
1139
1416
801
410
675
266
496
1765
578
321
1290
46
793
531
93
400
4906
772
1305
330
88
2007
334
542
5798
233
991
628
722
582
2069
2739
2069
853
63
202
708
500
310
189
24
252
29
3642
3904
926
653
1287
696
1026
1652
277
89
898
392
3166
253
370
256
287
32
824
46
3198
140
600
903
495
408
3880
4470
215
119
365
6270
472
1205
1055
4967
3744
121
173
433
577
4104
1929
396
261
302
1856
5930
1307
470
2931
353
1050
1107
3122
614
1021
409
111
463
765
247
2173
150
257
4209
283
76
250
69
2860
2584
772
428
879
646
191
196
1940
1488
1860
503
1345
1901
5008
236
111
111
569
747
268
457
132
2824
134
288
79
3273
89
1507
2167
614
13
4492
445
10
233
910
241
230
915
80
664
1312
337
27
4929
1217
974
3497
90
1000
108
743
352
2118
292
3168
59
1581
3874
1375
241
485
419
2970
2218
899
1560
208
462
304
358
1560
312
210
130
1178
32
411
815
221
414
3871
1844
3214
646
3913
240
694
1095
4764
486
4859
6046
242
201
998
928
261
806
166
245
1326
172
168
683
387
828
613
153
219
1256
421
1108
307
3576
190
1602
342
6922
4770
2421
153
2557
3681
4326
948
1986
1051
211
119
204
4053
552
79
515
1108
1130
3880
2872
430
1218
966
232
1230
740
274
482
207
1131
3521
433
113
1823
3834
1081
1279
408
673
252
1617
1994
1804
170
4570
104
491
5656
2832
370
1800
183
840
1365
489
3000
1402
48
2576
247
505
373
376
3543
2089
49
591
436
1147
2846
269
716
658
282
2187
1483
4315
5
4743
1186
303
674
1174
109
706
116
2273
100
216
600
272
152
323
323
79
819
1053
308
152
5
873
776
1346
137
885
350
3917
689
1562
41
424
148
330
433
332
1000
3
1028
135
108
525
1283
262
2410
115
661
599
1025
530
228
511
3645
358
1316
189
117
81
132
395
768
166
2705
283
722
325
734
2015
343
982
1765
1943
638
147
859
1330
209
212
3729
22
70
1367
2543
13
1693
285
1073
1454
1421
5480
476
395
90
603
590
21
478
55
21
419
260
223
294
402
433
74
5343
1240
729
2211
164
174
368
220
209
555
209
831
361
85
809
259
183
580
381
1658
187
339
2082
218
59
198
959
181
398
972
474
796
209
56
1851
696
122
31
1
74
74
31
545
470
269
1
24
168
972
208
325
1363
322
1363
3487
212
21
683
309
575
257
976
354
251
420
2265
456
424
986
259
283
1458
350
1319
2187
176
1311
75
2255
674
1417
810
45
638
187
306
982
258
362
306
728
441
692
35
1535
249
506
198
303
373
604
395
254
443
699
242
1047
60
1064
479
667
230
1008
1250
465
2709
352
431
5550
962
264
2289
2110
182
587
228
85
472
2583
205
8
221
614
701
1342
187
1037
108
749
560
296
3071
558
674
1315
121
1370
482
196
1235
618
144
414
1783
91
622
356
814
273
1172
869
1035
687
330
715
666
1933
318
131
805
362
483
668
250
653
374
159
44
758
295
5697
263
279
303
803
542
573
372
180
1185
612
160
402
471
1
92
555
1202
630
1432
1583
383
3951
1124
329
54
42
203
4577
428
203
545
460
1198
651
98
2209
3045
654
627
47
2627
798
1307
627
5706
126
885
268
126
689
1560
1568
2296
1150
734
622
408
187
1084
311
311
777
3020
966
3338
245
74
63
284
1487
784
1666
649
263
73
507
515
514
1687
164
556
105
346
202
1223
2406
803
325
958
252
837
980
2098
617
1016
725
286
616
662
656
289
612
504
182
140
329
3592
801
524
766
561
56
1032
489
3181
221
128
52
2387
1095
481
4052
296
185
4125
157
1307
38
666
102
239
300
100
654
225
716
3626
646
2897
516
1599
744
338
794
940
1632
2429
721
142
645
231
620
1630
577
1241
1348
1333
106
2982
185
84
111
83
725
150
461
9
1190
298
992
1598
365
1648
204
49
436
696
189
2077
581
469
1658
366
43
59
706
612
328
5199
632
1192
2011
293
293
712
1015
210
618
383
1285
897
25
783
2118
802
205
130
1030
1222
443
3261
3562
121
513
301
2235
517
549
158
130
331
1062
221
56
1493
1700
341
825
133
869
68
243
1424
765
588
1301
147
1555
204
7991
1471
34
3825
752
344
331
15
1047
212
605
258
833
136
32
26
104
637
1157
511
237
97
145
308
552
232
293
808
234
704
412
29
848
549
49
440
688
326
324
994
1882
91
762
62
376
190
2190
140
659
47
748
5500
2971
242
110
666
241
437
554
1023
1204
376
226
522
906
664
739
285
515
171
68
571
206
372
3440
700
408
1446
1824
1308
126
2240
583
999
953
392
2125
472
463
600
741
1120
410
1526
1340
345
1147
381
582
483
181
296
504
4592
281
316
402
1407
1265
224
215
334
375
95
491
556
637
295
300
793
155
228
974
2083
448
628
530
1492
144
455
960
4013
1276
790
81
395
1356
1413
365
141
1618
288
402
435
622
1561
55
207
2058
53
46
203
1462
88
2938
315
94
150
578
1936
34
984
33
33
1384
2
2052
459
636
171
131
1005
248
148
3581
55
343
1148
433
444
727
291
452
158
400
400
1249
247
250
221
261
226
20
1056
501
153
353
879
1080
487
1953
80
122
1868
60
346
304
121
437
126
299
799
440
693
1540
527
97
2657
1544
617
783
7131
179
1
1421
2020
735
132
1763
132
171
105
259
1057
2608
692
165
462
866
4357
230
212
420
466
1170
1991
999
780
442
414
20
304
1426
160
9
187
346
338
115
578
863
3088
576
351
1
194
360
270
283
287
431
1645
58
389
1210
1078
372
138
385
418
345
2052
1300
483
48
306
490
991
2
2701
667
1086
440
382
25
1307
204
981
906
272
1148
950
217
608
1325
970
1621
800
344
1643
187
542
1173
1317
268
78
692
90
207
1228
758
232
1153
1589
1015
586
243
292
309
21
549
489
967
193
1589
1036
1589
792
637
27
83
1607
1518
249
260
384
1142
159
650
5658
270
545
564
179
610
523
146
580
263
94
77
959
1995
1130
206
811
3643
441
529
152
82
805
1707
124
531
503
600
667
231
4043
665
636
516
1300
2437
262
858
586
89
5988
7150
2270
1217
82
1563
2157
1331
555
139
1562
3707
32
88
535
614
408
372
420
691
465
434
1
378
753
111
578
671
229
21
1292
4614
3887
574
1745
329
3242
1275
884
1153
872
34
76
1969
887
112
198
55
246
520
90
196
710
542
3790
91
422
113
1891
24
653
188
73
1737
172
797
2349
596
425
1560
49
669
59
73
1671
126
1439
35
3433
94
214
395
129
2551
324
544
131
284
1461
3526
40
69
37
254
152
35
119
146
135
33
1301
40
354
1048
336
530
40
84
159
697
161
491
937
587
124
66
512
57
325
56
60
679
292
597
462
1591
1089
571
2141
1410
803
604
1261
637
1145
757
483
449
347
394
435
102
321
2954
465
163
1332
355
191
230
210
1233
2057
1135
1040
333
1691
1692
1067
412
919
234
152
139
2330
5251
1199
842
110
704
338
338
335
471
750
175
420
416
28
399
202
949
461
2559
563
281
4355
104
246
28
606
1801
29
420
807
604
1813
793
778
2736
660
438
358
96
572
2006
784
2219
455
444
720
886
123
443
1463
653
650
90
1824
814
530
95
716
183
343
599
744
144
1907
297
746
540
368
1726
528
431
101
705
454
703
1569
327
806
323
229
756
21
47
1752
110
2364
5711
77
817
436
302
194
1506
216
118
399
843
952
604
306
1241
627
616
403
627
1317
3149
198
413
930
1832
818
409
493
3595
220
617
560
1225
3966
1963
572
2140
353
1576
295
1428
1346
520
1234
673
12
1
148
186
252
315
2339
26
610
810
205
665
1339
789
355
419
4322
126
718
1081
2699
469
91
47
109
1301
2184
4
97
322
216
735
1197
859
322
342
2012
268
287
94
987
403
168
8324
762
1077
347
2313
1856
67
171
150
113
871
609
2367
136
456
1802
1673
1295
22
2127
50
236
1805
364
193
911
22
1207
302
743
822
971
854
481
886
120
374
150
279
884
306
484
1142
305
1581
125
5841
200
293
481
174
4
710
154
1327
5
110
351
174
33
787
171
558
653
562
207
1209
666
447
94
654
797
1387
492
554
176
1458
1438
473
131
836
129
75
192
1017
2016
228
1492
868
669
148
438
360
613
1599
251
562
135
2950
205
252
16
86
230
920
353
311
177
743
69
557
90
57
328
695
714
457
551
995
1106
777
167
3530
97
691
292
772
1096
95
978
374
609
292
328
29
1062
1468
60
256
524
356
1795
985
523
5294
770
1455
586
177
185
111
1297
429
816
452
422
745
284
157
353
78
1015
1008
1820
1599
801
545
364
364
796
610
3768
1322
463
110
1536
681
398
4032
33
1174
1066
383
1483
5662
69
589
127
893
1638
620
701
227
300
1135
415
375
375
298
374
1493
393
173
2859
236
880
2302
298
83
2530
451
2265
936
672
1490
500
624
3115
1393
1735
98
1421
477
962
64
966
4516
1513
648
115
297
229
282
1072
708
444
217
27
931
680
990
413
414
1193
1071
1180
56
225
35
170
1443
119
561
475
1077
1282
296
234
1661
119
377
306
183
374
912
127
4457
974
362
344
770
252
589
1328
880
890
540
497
795
1899
3099
281
2977
642
165
827
348
360
331
1238
363
1228
438
438
1311
986
350
156
515
102
1235
57
327
76
1
154
497
557
276
1438
3015
965
254
1017
453
500
209
780
737
1941
218
2954
3290
206
305
551
204
59
354
954
325
188
845
260
228
2284
367
513
831
274
185
177
307
897
711
35
613
93
869
1216
559
1274
1288
149
1359
603
3861
49
304
433
577
86
1251
91
1251
330
702
1702
1012
488
404
475
220
85
483
4786
182
271
1436
435
1212
374
861
235
1368
350
2468
505
330
927
815
623
15
701
43
619
38
1328
2595
322
334
795
22
590
189
405
333
103
402
269
677
609
660
515
258
308
290
226
175
217
175
8
672
485
966
815
815
43
247
115
194
912
145
1332
410
54
54
440
288
401
3996
491
827
1218
6
240
158
118
35
357
429
68
2339
525
186
235
444
421
2308
2958
3397
36
897
2826
1421
392
87
271
258
409
457
2537
249
872
165
610
530
3811
244
1179
1459
2421
4095
2266
2525
2666
534
346
182
316
410
464
897
3849
601
2347
321
167
248
786
1485
56
369
108
26
1211
800
2733
26
446
811
204
228
181
366
399
1566
509
441
346
937
33
45
289
1104
4886
86
632
152
1942
2393
592
87
255
26
278
436
526
745
539
114
1768
1008
22
690
1756
815
2618
251
247
1996
444
395
2393
866
1861
41
1051
480
66
1702
67
213
69
60
3682
524
461
1738
1899
290
114
251
232
869
759
35
648
839
1247
108
3353
556
66
501
433
501
706
1289
69
482
186
554
3044
160
416
710
1
233
14
129
62
91
310
1552
235
322
863
75
66
1013
562
1113
510
1163
313
633
276
146
2388
640
162
927
90
776
1170
901
182
3289
408
418
1521
146
231
442
146
3
486
876
345
315
412
177
789
485
1326
370
537
346
1134
12
163
278
1038
81
667
367
607
115
2575
392
491
2732
5025
75
1786
442
3683
638
108
800
742
3880
727
148
175
154
2596
437
300
2724
1002
269
190
70
43
381
132
555
2035
631
140
1885
1203
766
2734
254
88
358
4333
321
632
195
1791
1463
3374
2187
296
188
270
507
467
276
135
224
551
582
345
307
755
302
551
591
45
158
713
474
1219
934
679
2115
3749
420
1804
260
1454
269
1934
2903
1025
528
42
67
67
130
1187
2673
1420
501
928
803
562
247
300
1037
2176
698
643
795
205
574
792
309
324
329
410
3161
234
1345
150
344
844
1725
462
379
171
180
347
129
497
972
326
608
1470
877
345
354
314
741
3853
206
1207
654
439
1556
2311
1998
348
623
1190
5608
238
365
286
2236
734
251
150
2740
927
918
116
283
1022
969
888
218
11
52
1338
1586
966
889
1111
2710
130
773
226
239
770
1452
878
29
80
80
253
75
44
597
544
779
377
1047
353
329
527
413
548
374
1230
38
377
379
1100
599
107
146
167
275
382
257
1034
6
238
158
914
426
656
463
1857
681
463
772
718
2737
69
96
267
124
240
599
4246
422
339
128
3802
1153
66
183
788
113
391
396
92
552
2415
245
256
121
263
1539
2185
340
248
223
825
476
1512
851
610
168
87
708
821
24
3191
16
752
317
774
788
934
714
848
1055
4694
239
1186
520
80
1321
283
4047
142
1576
779
2938
407
655
903
1892
1177
3527
475
1733
3586
165
79
481
498
2943
608
1833
2658
301
1348
134
78
3053
887
310
250
1107
1613
400
504
2016
647
99
181
1732
1472
577
123
414
187
38
765
400
4370
91
588
980
149
329
136
128
4559
3081
526
1000
618
2451
136
2560
256
3704
156
210
421
413
32
389
316
231
170
2304
662
188
522
380
92
459
205
520
116
2001
699
4476
3523
5706
4981
504
1589
485
520
287
681
240
745
451
245
935
33
970
2701
1546
846
84
2708
1143
1208
400
436
641
1469
2809
681
163
1035
746
1419
869
3144
35
429
408
116
357
57
256
248
85
118
1363
49
2445
3779
442
1056
277
650
309
204
330
90
3691
932
29
398
6011
264
738
631
177
2582
1164
369
1626
651
209
47
333
773
350
75
322
160
788
2702
417
954
134
3140
8054
755
439
214
1619
598
969
1292
212
1894
3202
1058
4937
640
214
204
3266
618
519
151
779
615
3338
5105
1058
1012
1058
2479
5262
528
215
3462
3084
925
220
728
110
2437
1853
1276
112
1107
2654
46
786
5482
104
3879
405
129
110
321
1056
378
813
201
1108
763
210
3079
289
190
5814
965
1754
1685
373
48
262
478
105
407
4237
1172
739
730
25
576
582
671
661
228
356
903
504
3980
691
2236
1808
6445
55
5894
848
143
658
2355
5129
3890
289
273
706
928
99
376
15
4269
267
638
169
238
28
1126
625
948
691
1216
282
891
1040
2837
273
89
552
41
1387
373
1038
4145
631
1218
923
8
52
213
5777
54
2391
182
2452
445
273
62
4234
3151
545
11
238
843
2627
304
632
608
306
171
2434
74
917
1002
141
570
4179
255
435
34
3759
161
451
721
197
731
562
755
923
640
355
251
135
1040
162
278
70
1071
3046
526
742
58
450
271
2634
793
897
1406
1204
239
2505
94
4308
90
4779
342
74
277
1202
944
911
5817
231
1669
239
3980
258
2133
119
318
3173
454
619
394
2215
1064
100
3361
458
1549
65
5531
417
739
178
299
774
99
80
706
326
644
556
2136
669
1110
1040
117
941
923
659
619
180
106
721
78
560
72
1455
273
1365
2941
419
689
556
134
1133
1219
462
295
2606
320
1145
4356
1706
400
1650
678
252
159
285
95
814
727
535
199
4341
242
860
2183
118
1836
261
776
782
1576
506
2390
1367
520
198
2078
47
508
481
23
754
3988
731
5363
253
33
364
30
450
215
2690
68
204
29
2838
316
1120
435
4024
1593
884
114
93
996
25
1937
285
2436
140
469
5378
4554
2752
392
287
377
397
1123
433
996
1652
179
1318
1038
347
1554
704
116
75
958
247
3801
146
155
333
151
3217
145
786
62
685
513
336
88
1292
2711
459
1884
806
2119
70
1755
1089
1001
2
143
70
595
3166
452
46
22
517
504
307
853
356
2390
1318
296
791
1876
1435
40
243
37
148
1432
36
295
394
669
1925
610
655
425
79
680
1370
941
3663
884
1920
119
38
449
419
255
604
955
1608
2855
5425
42
1604
3550
834
98
4695
1182
547
4737
2247
192
448
542
471
1607
2709
1508
2017
2118
615
1577
25
64
373
33
673
2
605
4909
52
295
128
35
848
504
274
4586
377
399
1861
590
14
873
5121
3168
900
502
26
3939
39
1638
848
830
1838
460
5347
258
425
154
631
598
1102
123
38
139
85
551
164
962
540
355
71
118
2095
816
21
6913
389
1189
1719
607
1677
1474
498
714
105
246
38
327
732
123
229
151
5071
722
99
999
652
1453
236
100
1255
222
88
314
201
63
87
4414
252
567
1684
402
3116
394
93
558
109
5019
81
350
333
1337
547
160
65
80
2028
320
584
263
262
570
438
24
211
735
3075
718
7082
1032
22
33
1274
86
637
555
80
384
433
198
198
978
57
1777
550
3240
1228
390
611
257
1115
381
707
328
201
1255
1318
1191
195
476
4173
2
1599
1035
798
2455
144
77
413
166
1032
87
273
4001
1404
280
1768
983
1405
114
4542
1580
114
224
286
2759
80
122
832
1569
168
184
346
125
844
34
889
25
2932
3827
3750
1413
125
141
326
817
106
2499
2272
3274
733
491
114
918
3779
1122
165
3771
473
484
570
1212
2749
2476
143
753
40
352
480
4592
1244
417
491
1775
562
44
122
2926
12
502
364
1446
2245
64
433
1123
3750
226
1605
192
1688
130
344
718
80
200
367
3796
4156
1185
470
755
644
1007
1217
653
98
406
673
177
812
1419
281
598
70
1123
482
167
1779
1600
2543
281
556
51
3047
132
3556
3184
3007
278
4078
129
575
3596
360
598
207
311
405
346
2026
735
983
2941
190
3822
630
652
273
1649
2619
773
615
3954
3793
728
607
3453
423
2774
4690
1168
498
1101
166
367
17
2356
2112
2931
913
3715
1256
4527
205
161
3205
864
1534
1211
723
944
408
36
383
104
3610
4592
1383
6001
611
789
133
363
819
1268
733
3575
35
1048
791
61
2855
46
1582
1723
2153
1936
6105
2733
2372
3505
4058
506
676
264
178
2262
1734
879
1781
513
48
618
5272
650
804
396
1073
1517
375
1270
1943
191
194
2683
227
659
1232
544
286
342
588
512
2522
176
327
402
66
526
8292
535
333
523
5821
22
148
528
613
463
516
337
53
178
585
1419
379
794
23
553
731
388
890
93
607
1662
659
703
2
208
2080
294
322
94
567
308
760
87
233
48
2887
449
1792
297
678
2307
534
101
10
518
4561
495
158
753
2052
324
145
210
684
597
925
394
93
4868
518
678
1216
237
20
54
58
5187
2879
258
3974
922
395
178
1595
2503
887
893
114
308
344
3209
205
649
3895
1300
259
60
596
47
679
344
613
341
6004
1600
851
147
124
1560
285
205
273
132
541
400
964
366
1744
657
74
134
653
2475
173
2495
471
1024
534
2747
146
352
352
2955
64
91
283
492
135
1445
671
104
824
121
3248
1208
1371
197
38
402
28
1418
2124
890
444
182
3156
142
447
248
1715
114
175
1760
359
148
887
220
109
199
238
54
381
145
261
259
663
104
437
278
536
48
236
1033
486
280
165
2168
552
463
1420
5427
1041
151
688
638
5377
3573
68
230
93
1096
1245
64
270
1205
410
957
651
2218
445
561
432
766
4178
3945
757
88
2708
101
1319
1728
462
183
1
841
1605
1136
4199
316
4088
2210
1105
4137
72
2542
1782
236
50
15
1774
109
52
2171
3512
91
1418
245
3674
673
145
3239
140
3539
125
484
136
4460
333
4000
11
3726
2768
1186
382
3629
278
3556
355
174
658
3727
3582
93
1211
264
4062
1234
2539
80
11
257
380
935
585
94
656
174
129
1578
2509
3080
3925
1688
228
143
1211
4305
983
191
123
51
861
308
2033
376
873
39
1660
212
746
70
838
805
4173
412
1483
1739
627
1534
562
3570
152
294
273
694
4030
2213
1462
896
267
59
2707
1499
2350
225
586
83
186
930
69
501
182
2570
594
708
1408
80
145
308
100
5195
226
774
431
19
1320
519
3559
403
2525
1090
2838
1338
64
6291
3714
556
688
295
391
343
128
2172
543
698
1664
333
176
287
195
2215
238
423
782
1
819
1742
144
344
350
421
743
1023
118
363
1347
833
3180
158
294
929
956
137
2477
1494
231
1360
238
80
906
4131
63
16
550
1423
2446
746
72
5336
444
742
981
657
638
4297
322
873
351
1260
1188
4494
438
464
5111
1445
422
255
63
860
3991
1940
966
2
267
1090
3909
3656
1071
13
996
1039
64
102
718
5605
1145
311
1296
75
2
1021
371
282
809
389
3041
297
319
405
1016
1265
112
351
3369
438
1437
514
384
1297
397
1262
3316
5522
1247
73
696
227
434
1041
562
161
222
4096
1971
4821
791
610
346
1029
891
2638
4092
443
1113
1795
577
574
115
1085
79
268
970
1230
3222
1262
677
36
4549
2282
356
52
463
29
141
704
986
888
7617
331
3060
243
4311
1950
1997
765
4404
1185
113
104
777
252
19
813
751
2477
261
1713
483
30
397
265
781
675
1121
113
308
308
1239
5250
128
1203
627
1
792
4113
1379
1439
91
658
478
135
2533
686
99
1108
362
3893
660
3933
328
38
841
250
4403
520
697
266
3437
2657
96
249
767
325
26
5
380
795
2174
300
769
300
637
767
394
106
1493
2159
1180
224
204
4734
68
996
30
815
154
135
1224
600
3854
51
271
44
305
4270
3718
2677
547
491
398
358
458
106
822
6490
547
125
1088
647
138
263
3568
196
1264
4981
365
400
1249
1279
4984
447
447
315
792
62
496
1520
1134
1440
542
1220
6402
4013
1142
232
53
3596
98
545
1087
253
434
628
122
2207
2777
184
3094
528
145
1573
558
1475
766
201
440
45
416
218
121
29
4806
736
1188
220
645
75
229
2647
385
626
121
4239
135
851
42
122
1063
110
4189
6218
55
174
625
431
207
1411
872
2031
283
1048
484
167
103
983
519
4991
589
1104
127
597
694
3925
776
282
212
955
2282
34
124
232
606
883
89
3228
602
216
456
3227
1440
582
476
630
710
2220
1140
707
5337
1839
606
1755
463
178
172
38
57
7227
1310
686
2690
862
2271
329
978
647
4729
917
1140
1440
38
368
3563
3805
6855
87
150
148
5959
227
451
74
159
660
225
205
6686
42
1203
315
668
543
1027
35
212
863
4215
3866
76
238
232
4023
29
84
476
307
64
80
229
2003
4931
44
22
1120
643
1000
1419
115
468
384
236
482
2305
412
3343
1624
128
378
753
214
259
662
565
981
2371
18
4115
245
245
1065
248
265
1153
2272
2140
831
1244
3096
3142
1713
4911
212
2289
523
1061
850
622
1173
488
870
198
1870
538
259
187
3671
443
195
607
1358
1445
1562
1301
45
1518
274
107
2186
476
175
95
28
523
1145
1049
1020
120
1500
775
372
497
502
3154
221
1016
2010
520
247
336
2639
564
2850
526
3052
895
488
3528
4381
552
437
882
846
801
538
1263
89
1555
1165
138
33
5762
708
396
133
787
367
741
4866
80
1
50
678
389
243
2402
1214
2677
973
207
4267
4979
3732
1513
75
166
20
123
2682
941
771
619
5675
533
3190
818
17
560
545
242
204
4131
1138
293
1589
829
2742
531
233
496
2086
457
696
1756
569
230
3465
1353
574
278
255
5204
158
360
174
294
404
4486
258
579
346
1424
1642
2306
1429
177
153
3515
3645
380
3169
524
279
1882
303
39
1753
250
3216
427
700
511
1538
4428
286
100
560
202
241
163
1196
3494
367
240
604
2368
803
1897
865
35
518
43
1967
594
2
377
600
70
2305
230
1261
998
1470
5190
32
1888
62
1245
948
924
139
1018
1162
1793
2762
1373
552
290
378
625
435
623
1391
572
851
629
4774
150
147
335
515
777
641
956
6706
443
952
2492
57
149
922
477
1072
358
656
259
56
396
4150
554
1238
400
480
366
916
340
786
1868
373
956
235
105
339
4749
372
75
815
1323
1438
1127
198
3591
714
1297
1781
312
252
430
437
186
3489
4116
1901
261
82
739
316
158
3867
437
626
334
484
368
327
744
368
1568
863
542
382
361
477
4036
1693
984
347
1542
1217
246
195
1322
31
679
111
135
175
355
1453
519
3422
576
134
1101
2734
181
425
729
1007
3248
2249
676
153
478
1060
2637
184
1000
1570
2555
876
170
250
5822
2148
1859
1678
346
198
287
426
518
50
231
3664
1798
348
3605
851
561
584
26
895
880
2664
1390
2099
4211
319
1303
2614
802
95
1001
595
434
203
1184
96
2126
3338
1805
862
184
326
3449
697
226
878
568
814
6437
1341
852
476
488
1386
3341
851
841
363
1493
2707
154
1463
127
465
49
514
3788
4285
2582
1104
255
1053
1920
869
1639
916
408
367
555
462
494
1557
187
87
994
554
1065
85
1336
163
5446
4701
39
1642
55
287
355
1787
211
89
3554
2046
1236
1007
667
1231
1480
1788
45
648
752
614
766
711
699
134
1236
570
336
52
395
3753
169
234
108
19
2839
1426
461
2411
460
70
47
3873
1995
2271
152
2033
899
63
119
1245
576
128
2192
1481
1522
314
2205
481
320
1668
569
3672
230
571
615
251
1488
174
161
52
4313
2037
321
1167
1368
2792
1130
2412
573
576
3795
3315
365
1699
646
2961
2590
640
624
752
138
733
158
234
777
365
528
2275
948
6
1900
304
438
855
418
1262
132
579
122
3673
2347
2090
1519
611
2840
32
846
1147
411
497
68
2124
737
1363
327
1255
870
1336
183
578
621
1075
3350
120
3764
1148
1698
235
562
387
61
3212
1771
468
594
214
743
4947
67
330
879
119
443
126
981
1712
590
172
147
148
214
4483
311
772
151
1224
235
155
685
1084
1381
4012
117
331
1568
314
2372
97
900
650
336
31
179
935
1143
888
1316
299
430
1046
265
794
271
1641
638
2366
3836
117
126
458
264
2837
2411
4770
561
1601
314
1288
811
1843
127
363
45
1450
489
2802
3884
237
4528
14
1527
179
1663
623
316
307
4451
2855
1237
407
55
752
2524
1333
333
133
1180
5199
3261
3300
4617
548
285
573
58
2218
113
771
769
1516
695
279
3943
577
13
4841
299
700
4782
500
1062
609
1643
1048
761
3810
2030
103
303
90
265
14
107
4325
274
849
633
89
149
44
7437
265
2404
107
979
223
542
280
151
385
4187
785
274
722
1312
70
311
709
523
4105
1542
819
257
229
98
3331
2399
244
480
1205
444
1801
308
381
1028
397
804
4432
1742
866
837
412
1400
5105
602
3209
1649
140
420
441
1393
494
642
132
76
2439
752
220
1612
347
591
492
390
1466
213
1443
1452
504
1201
181
1662
894
608
57
1777
4473
404
564
125
3697
181
1586
476
504
293
92
1637
826
3274
84
1922
691
860
2036
661
1008
30
15
1764
657
168
425
3620
472
1117
1255
2755
3181
208
150
2348
1129
935
763
777
812
956
1101
445
5032
1484
3785
65
727
697
1907
39
4426
1218
899
1494
477
877
670
41
619
2847
697
762
652
660
1529
187
2213
1480
2857
1519
641
4088
65
1696
5073
147
1475
63
846
750
974
1243
3062
221
55
3657
1042
181
2819
4105
390
295
17
497
327
728
360
66
939
731
848
387
1167
2940
960
79
2087
902
647
313
430
759
948
3384
1380
1206
530
116
4330
2774
165
1069
2506
2065
702
849
326
147
1971
1983
157
3666
413
2270
1638
1277
222
906
287
948
1241
381
556
625
4258
442
496
2877
725
3526
236
351
1645
2851
591
630
195
1694
1038
243
674
118
3899
3945
460
2543
28
2334
836
963
4255
1063
2243
269
288
370
1197
970
3042
707
278
8
1601
3813
1301
474
436
1898
4143
378
3192
3022
5629
299
419
1811
1428
237
574
3517
261
557
276
802
1264
1545
1739
73
269
1169
923
118
481
41
388
804
216
1034
1550
1161
508
526
521
3131
606
1285
792
209
2505
1182
2899
63
621
3481
91
1210
591
49
374
5018
3219
407
239
234
817
732
3878
4257
275
737
3023
252
403
84
1693
4482
126
445
362
294
115
737
3521
99
519
3532
230
115
306
191
1203
247
324
316
158
34
875
591
1372
1131
24
143
299
2839
2399
250
4971
665
66
802
817
848
143
4308
713
424
1709
1825
1009
1428
1096
31
718
151
111
1503
277
3924
716
550
166
1659
944
540
964
3005
376
961
428
1079
1067
831
393
671
760
2678
1821
477
4649
825
2521
770
1332
221
3448
4518
1001
2595
654
513
640
513
4392
128
122
369
783
702
980
27
61
625
634
704
1893
253
2092
652
2874
4137
914
33
70
1037
471
476
320
470
445
773
1189
3151
179
4417
975
507
267
286
92
359
66
509
751
1222
953
63
276
542
76
635
2763
4640
4322
380
1329
2626
419
4001
13
136
459
179
804
925
296
769
344
775
169
232
269
4400
2869
1055
11
467
5552
349
1749
23
1665
1882
729
415
2429
707
850
355
254
1131
443
249
1584
330
754
506
5447
1142
145
270
3973
1127
197
89
4478
1257
717
288
6340
2172
4437
481
471
137
412
447
1189
2015
2928
194
518
125
198
279
2337
2
1483
343
311
2840
1332
1920
206
920
7825
4144
612
889
258
648
262
3680
471
1880
4349
72
61
342
589
2025
1044
4684
235
122
5633
646
77
889
5815
181
5040
494
1205
391
553
2872
287
38
342
2289
437
1006
1213
741
4944
800
91
969
261
307
1051
355
152
3992
674
115
98
963
1343
1185
133
140
1711
296
195
518
166
579
4
371
1025
994
379
19
614
325
422
669
258
1686
1177
74
3713
3969
164
1498
1490
1561
671
515
57
616
2562
316
3519
700
196
576
189
1237
1795
1570
649
2808
30
140
131
787
380
4023
118
1085
1188
4540
353
584
77
2720
3971
3849
1247
963
108
2270
4718
406
481
2312
3329
1982
923
880
967
855
602
1290
253
1634
4433
6128
384
2919
2941
34
66
1152
3960
24
15
729
454
601
472
648
480
345
567
1308
373
410
471
1340
756
2642
904
748
2694
2014
28
2461
2175
3859
2040
1317
36
6
3048
291
334
3191
2165
186
1036
451
3629
144
1438
1194
416
775
401
435
819
422
2958
4240
103
1045
2294
2017
3846
167
746
882
1640
196
1283
793
757
374
275
283
296
33
1852
875
1636
4722
2944
41
3386
1199
408
1480
355
816
611
636
476
624
454
2662
4932
4111
2905
2346
1923
275
977
1576
370
154
6587
3621
142
370
2458
89
566
260
522
6
1128
38
948
158
267
5280
1166
186
707
1193
922
352
1674
2103
691
824
150
3163
3081
153
5807
1177
199
220
547
3617
1031
541
10674
499
1245
5045
543
4116
1271
74
2520
538
638
877
1256
3205
252
201
1607
1932
323
3315
847
441
454
4407
529
487
1713
537
306
2463
242
187
509
540
1171
127
1029
4436
92
4156
427
89
186
5843
1056
2364
1153
690
3342
209
2802
347
630
282
167
281
986
1
458
147
2637
258
403
434
3413
1710
1576
124
322
274
196
725
62
73
17
2265
3988
4722
293
275
1064
3576
769
535
2764
1297
4130
84
970
907
85
3992
3
871
577
344
1794
234
497
327
5552
1071
503
492
686
1675
302
49
1395
1374
214
54
2286
362
560
195
245
1281
152
252
427
615
189
2629
588
1823
865
3715
273
160
14
5061
778
757
747
6351
58
437
949
1997
77
829
742
2649
98
198
3403
395
140
537
327
705
4449
188
1385
1261
1997
389
836
389
2319
7
1179
193
596
3719
726
2893
700
77
203
1207
1323
2608
1405
1474
705
1640
3514
403
463
463
2516
503
1313
278
2108
3220
210
718
100
222
4353
61
280
482
1626
3012
177
56
519
3891
229
617
44
721
314
213
974
2518
3246
604
121
518
476
554
250
405
2058
2255
639
316
4409
1282
3666
29
4456
669
928
180
3015
268
129
2424
14
240
215
49
186
1078
344
2014
694
1062
2900
605
509
649
2219
96
3480
3051
478
330
667
707
1115
3195
310
2414
165
652
5244
652
1194
782
1082
2548
25
499
845
285
408
55
589
1242
307
667
226
368
1264
255
5105
4463
539
276
298
121
1188
1127
72
2191
584
481
211
197
877
364
3341
1913
2
119
665
1587
53
1089
283
303
618
173
440
307
471
666
286
461
122
352
405
4204
1117
327
646
561
4601
998
5134
268
4326
1306
263
745
1662
266
439
613
80
784
2055
230
424
2647
967
345
23
2277
4735
809
123
1405
2735
663
789
246
452
656
273
4044
2550
1941
770
146
323
393
507
585
5126
3195
84
442
5078
102
246
22
570
3909
32
557
64
394
7453
533
3109
372
366
792
1464
608
4430
1285
170
980
326
3077
605
132
479
1164
622
66
617
1292
285
627
359
1548
78
672
461
1515
103
155
998
1020
517
564
270
600
4925
256
1001
554
574
5374
1271
3703
773
1581
5428
1260
1970
409
2371
638
1731
378
516
339
3623
578
989
228
1364
459
4418
382
1452
481
955
227
206
187
403
230
196
974
3699
199
2779
3830
888
213
265
157
95
673
376
2870
734
1604
200
3474
767
3911
2149
554
289
568
1055
1115
5168
377
1515
207
1051
1114
1277
515
133
323
2299
852
82
920
1159
2682
156
658
489
464
239
974
690
891
302
690
731
515
4758
476
638
110
688
155
247
1163
976
236
1304
550
1893
1701
4345
59
601
1032
503
291
1323
908
3379
55
642
771
123
1346
27
219
523
438
1043
122
872
340
186
672
142
223
286
595
746
469
245
689
657
827
1263
3044
233
982
1116
386
658
1451
1560
811
318
444
4490
745
1095
570
2090
1034
4093
1771
1759
333
1991
172
87
725
4672
5014
273
243
521
901
638
2914
814
684
983
2331
305
390
3170
1452
2837
56
511
275
4869
4264
454
747
429
1982
1350
367
989
1605
100
322
406
311
4042
2022
3862
15
646
1076
309
804
1253
157
2137
219
2951
633
265
1363
938
888
8547
1621
292
2346
100
4278
11
640
636
444
122
153
948
99
500
602
1347
3353
56
388
4939
1165
5504
590
1641
1781
1995
53
133
754
6771
87
157
299
1640
595
198
71
3769
949
242
1795
2366
5517
372
1294
380
1303
2484
557
4549
437
112
984
3366
256
1004
96
574
934
1022
4848
738
294
113
427
592
562
3981
179
2063
49
1707
511
399
570
2970
157
62
217
169
1462
140
920
1548
387
590
2065
1660
1320
701
1778
432
146
1063
363
47
4391
166
6231
1509
1940
2573
1314
269
2606
2180
1312
601
1291
229
928
2118
1506
418
3312
2342
1164
2691
1252
1402
924
1114
1542
173
3232
226
529
120
122
318
4036
741
234
317
148
2318
3584
2561
4261
1212
296
1207
3150
157
571
1645
229
92
400
2222
5179
5262
91
2462
496
355
1182
429
293
967
125
701
17
283
686
1854
4920
496
1175
5276
3462
282
996
1206
1475
344
1479
488
3703
2372
133
176
832
259
367
439
35
297
120
3503
735
801
343
116
3300
1591
940
1320
1832
52
1854
1035
1615
1416
459
3636
326
375
952
100
4601
1253
114
210
166
873
1997
326
3222
362
1911
4318
685
2003
2052
1288
156
3512
2050
1518
900
3493
939
2846
1745
933
75
622
484
939
2671
127
1484
233
416
1060
631
207
680
436
103
467
378
664
70
8
260
216
86
728
336
1913
189
345
789
77
635
2069
986
2696
2428
2
327
111
2208
329
2386
314
3541
2245
601
2872
2990
374
270
4459
616
2737
409
445
322
551
2396
10797
1406
220
4376
870
554
6589
228
387
174
491
1296
405
423
3256
604
59
1374
799
1
1272
824
171
434
666
1095
787
254
214
723
945
403
294
1117
367
167
3045
299
508
386
534
126
374
1447
477
595
3146
2959
890
4298
649
125
521
1209
3853
655
189
20
1577
624
797
172
595
1894
1035
3746
261
238
258
599
21
610
1074
262
1390
176
1210
130
552
439
290
5094
112
160
4420
623
406
547
2012
1018
941
573
187
5509
315
1043
1318
425
385
42
3597
4064
2246
583
448
5
186
162
1405
378
806
752
2711
237
3025
611
203
287
123
303
276
75
1395
71
514
360
4837
228
923
125
315
834
870
1604
169
4947
734
282
276
38
1459
99
656
2544
325
2770
2199
467
1614
2609
41
1808
477
698
59
330
702
358
46
20
711
694
5647
184
730
1297
812
913
287
333
1779
707
3635
141
518
131
891
478
16
218
1564
1346
1233
1430
1217
1252
816
228
36
717
943
1424
398
236
682
303
937
5399
150
288
2
184
745
5473
1592
3774
245
1822
1356
700
56
273
614
5125
306
347
2284
1763
218
1158
1034
1820
225
403
447
1055
7
3791
186
5155
1684
1153
122
115
1221
130
438
116
5102
1862
256
162
850
96
1253
655
255
4589
395
2365
517
132
441
206
2620
748
349
108
198
228
933
470
163
1790
1901
668
45
278
3160
269
3210
241
1739
2652
1188
54
107
48
128
1363
554
63
115
6339
500
457
898
429
1461
2711
333
4980
861
278
2721
129
462
843
888
654
361
1830
482
1079
2409
613
1554
65
112
343
1601
377
807
588
3054
689
249
251
1181
249
1526
244
3599
3845
227
647
1123
2653
279
1105
549
22
629
871
1219
212
343
403
158
434
1761
289
590
2284
3426
275
2149
1509
75
221
3283
73
3313
1145
1170
197
447
181
3689
2410
671
673
120
3043
12
418
405
685
1292
336
87
111
4913
1135
297
204
52
256
4265
4498
744
606
1495
113
510
1099
4086
859
564
1290
2623
927
3349
3606
1242
5517
1203
657
2008
5319
742
1659
129
196
62
2183
192
166
3758
332
122
461
892
586
148
269
374
196
906
144
78
286
40
15
340
107
265
380
124
267
184
431
563
243
241
2770
991
97
2611
839
308
283
2425
258
307
245
285
1236
380
583
115
516
742
160
471
948
71
132
172
420
187
184
29
456
334
384
972
159
431
108
50
25
315
13
1190
1053
397
240
138
90
993
1641
538
1
68
1304
139
70
2552
666
719
70
837
185
218
255
79
779
1686
348
680
1551
297
380
136
88
127
147
360
16
384
106
618
615
73
50
1348
690
1077
1860
263
37
1244
72
512
1240
352
378
96
1024
1144
1024
4
472
1014
765
484
306
118
237
7
660
79
293
2234
19
75
69
428
1839
466
415
1183
395
194
317
56
202
70
1355
424
421
126
364
28
122
1189
5024
259
282
11
1001
852
1024
56
2180
479
655
1723
656
16
864
249
304
830
516
353
1583
176
481
393
121
223
404
441
695
167
143
695
445
208
775
7
68
982
690
326
14
495
219
730
120
892
378
1250
352
541
53
396
6768
1771
1095
2465
463
366
296
1104
212
112
828
83
395
349
1145
436
979
2778
397
390
416
186
1054
77
139
526
313
450
4
271
391
830
828
505
133
665
809
568
819
273
499
518
411
185
239
64
82
57
329
143
447
28
78
289
556
2246
164
99
1225
387
1056
336
1589
3301
144
676
159
97
209
972
289
205
303
719
776
29
528
816
427
206
3
58
477
672
305
360
417
514
98
37
530
197
365
387
17
807
325
1151
437
73
423
58
2024
558
764
320
719
500
52
152
218
102
1258
807
153
1569
649
25
53
298
210
409
275
179
612
1056
167
1565
217
248
1428
229
1049
296
270
79
1113
14
357
232
376
157
491
362
311
403
511
367
29
815
338
272
853
253
885
39
621
6
869
250
304
174
1534
2201
949
82
453
461
1288
1315
79
858
344
857
1069
1050
1316
557
1444
487
193
75
88
133
259
271
502
777
336
312
5
207
139
366
757
260
232
571
8
278
319
388
113
121
1162
671
774
1622
205
410
292
2277
371
464
103
3183
59
49
205
31
221
2466
3418
1479
3995
1231
840
414
95
580
3432
664
339
143
544
490
12
71
94
377
1565
220
720
135
695
140
199
86
401
289
80
262
657
930
73
1035
576
556
625
495
2475
537
431
22
4
664
165
438
160
318
845
1207
177
1272
461
527
69
44
1997
878
1
318
264
279
1892
215
354
823
682
109
249
1066
1328
320
311
126
2978
43
155
436
4
251
87
88
264
172
377
1613
3
117
164
74
258
1195
150
406
1559
437
580
3
859
310
445
510
59
8
595
184
84
117
472
153
609
24
1028
313
29
309
783
564
27
1327
103
205
489
152
421
306
512
261
386
280
114
157
1438
1492
2038
230
506
1530
363
738
370
1775
204
122
235
138
3293
60
607
829
933
59
742
1050
179
194
205
445
504
444
366
588
529
539
145
326
97
1564
346
169
1056
1046
458
962
1567
538
60
536
450
121
46
71
354
456
1178
209
119
304
1117
515
219
75
512
239
68
694
122
237
267
7
99
126
215
876
1438
648
72
867
154
403
23
491
147
1084
51
367
1250
746
109
199
9
1749
537
370
714
27
1206
106
540
375
294
651
368
53
260
316
549
260
280
30
829
35
116
2
102
81
1699
740
1
625
258
70
902
99
397
21
139
103
74
3
2370
1934
53
916
71
272
151
102
377
302
309
833
2688
346
212
104
208
954
130
580
54
202
987
90
122
496
323
123
75
427
152
307
621
411
1663
373
2668
133
157
102
118
183
237
267
34
1093
79
563
136
204
165
61
1574
993
677
232
85
1321
192
719
332
321
362
395
481
6
409
472
915
334
63
5
220
355
1904
42
260
791
198
193
192
271
832
74
217
566
901
473
54
669
20
1184
1508
50
1328
317
1317
280
262
121
74
405
411
119
213
460
655
87
554
128
48
36
613
969
67
127
66
249
5621
228
75
675
116
589
11
703
632
1037
284
935
672
406
70
111
102
352
306
357
916
447
562
16
1124
49
1372
108
710
523
431
168
451
885
155
21
965
226
30
730
363
952
480
283
882
90
3009
161
1211
711
75
1140
639
1676
3238
516
845
1520
654
627
241
417
180
243
366
65
518
125
395
42
213
637
332
545
138
1338
462
154
305
788
479
100
867
1292
542
1
1302
74
281
74
428
107
45
112
70
613
233
91
1109
342
138
157
108
285
508
348
115
2087
269
344
526
1432
314
2317
261
198
3441
427
177
70
66
523
609
1406
3667
530
179
256
184
155
584
127
1503
270
622
1643
610
137
490
300
545
465
79
514
228
138
1975
306
334
301
354
3641
643
204
500
131
295
79
129
1107
175
386
1666
833
917
1565
1390
491
243
284
387
1487
69
106
2987
438
514
644
368
1099
107
833
247
435
170
119
572
150
322
26
4
454
272
1396
509
44
174
665
110
196
11
57
23
266
267
98
1042
40
90
2586
331
737
65
172
84
377
634
769
259
287
516
358
307
336
665
671
671
1253
472
527
136
252
369
388
561
1828
553
374
1450
129
276
445
32
1072
1558
1039
97
295
4
53
1066
631
1095
384
393
201
2
621
691
1400
602
345
261
875
83
2088
420
359
1858
951
203
142
182
1676
2864
609
1276
1202
376
61
772
111
1160
115
833
410
73
1584
177
434
155
91
194
382
27
263
247
763
186
42
1125
283
1168
39
1857
516
84
396
595
1082
12
854
229
822
19
15
286
1068
79
459
29
699
526
438
1494
1230
509
268
8
108
262
95
444
548
325
24
755
123
336
625
458
2008
147
381
205
305
98
13
950
4
235
609
87
3147
668
1054
71
316
7
937
3352
3902
239
1295
288
277
2535
263
83
372
183
407
1166
272
574
347
779
214
120
600
408
565
357
233
314
1201
229
530
318
1177
246
594
816
276
1125
177
680
292
460
21
347
114
33
1266
480
379
368
1354
32
1120
52
853
707
187
1138
916
448
683
4
784
228
409
601
258
283
436
508
260
329
247
4
508
507
2002
1662
37
30
1630
349
1111
139
171
90
443
41
1861
7
160
797
1457
64
510
353
153
56
255
162
2221
154
1
709
233
1019
54
207
268
194
1058
55
376
463
127
258
180
1414
1150
388
267
365
357
386
71
70
236
2517
138
401
403
267
357
56
90
150
992
405
261
2248
1197
17
300
286
380
474
11
1035
298
60
321
526
721
866
284
641
160
57
1645
982
162
366
404
110
886
1236
537
220
838
880
328
343
335
139
682
224
1583
4931
477
529
1428
763
593
4
478
33
860
84
274
105
153
227
12
290
168
152
8
116
558
2739
264
92
1275
249
2660
273
69
410
1074
123
381
520
807
102
735
2347
5051
139
571
2373
302
110
309
118
157
165
4
398
533
417
327
201
800
26
204
125
821
391
311
210
384
694
670
251
90
88
386
311
1
680
282
160
547
140
50
804
209
304
232
122
143
106
30
202
70
2176
634
626
85
617
461
160
150
232
300
103
666
484
286
242
90
123
403
349
238
446
129
2098
32
361
82
1715
1017
192
356
161
333
131
93
2608
889
414
81
39
51
263
138
2855
464
430
67
993
1067
525
544
237
45
144
591
301
143
541
1261
493
3988
345
163
259
298
1299
923
390
906
1551
133
1335
97
383
337
56
1708
139
9481
2832
275
103
434
576
225
318
424
153
1696
135
692
172
224
108
250
4
614
1193
712
1947
453
429
669
374
307
118
1231
203
513
129
1199
198
270
1790
399
915
660
1489
334
335
142
191
429
40
352
619
53
627
270
798
213
587
439
444
234
1090
247
3872
1554
926
619
71
241
599
449
196
78
145
397
680
676
153
265
141
680
385
154
1733
347
140
215
2256
974
15
1012
303
591
126
211
264
438
303
5325
2871
2170
100
842
873
55
202
266
265
113
60
329
226
899
35
138
289
614
688
183
3224
261
316
7
305
167
264
147
603
352
74
877
173
1070
499
771
519
509
296
297
1043
92
164
72
704
342
935
955
153
225
1310
780
2361
24
217
1
149
78
33
98
347
20
1634
251
153
559
93
253
48
99
343
443
150
299
1652
791
178
215
251
310
628
331
178
499
455
70
354
1164
552
30
275
50
2545
279
70
1870
334
206
935
468
544
538
232
188
68
303
101
248
323
996
65
148
75
2412
333
293
2295
854
326
459
420
593
1045
653
165
231
174
999
365
128
563
2008
579
656
343
170
240
243
8
132
507
338
205
387
92
230
258
2130
720
137
1545
3242
1138
73
196
1138
2616
25
1855
210
83
93
481
116
918
130
161
882
578
327
433
447
1899
228
216
280
319
214
485
134
115
998
95
177
458
619
989
267
306
226
3667
434
749
1597
130
154
1538
4434
636
545
250
42
250
593
133
207
325
821
190
4
1877
128
257
289
90
65
363
9
41
1346
91
62
619
209
158
128
451
699
133
260
308
550
155
794
130
1714
352
246
406
704
1159
309
191
364
8
269
4
475
131
870
7
914
1050
133
379
385
1181
943
337
421
1088
364
545
1188
424
97
57
1463
254
318
266
8
156
616
335
438
220
110
87
196
400
2710
530
1350
1227
154
2128
24
728
319
263
121
3
609
529
392
647
226
141
246
18
127
453
212
460
445
872
460
623
706
64
86
436
336
194
279
160
165
177
96
569
1349
1172
84
281
339
214
30
89
1506
93
568
371
316
320
192
203
334
112
491
2132
2895
444
45
1623
4
241
417
982
155
676
18
216
567
330
12
263
409
158
393
202
398
513
132
176
766
330
2014
320
113
30
528
1292
358
39
284
171
436
1011
405
75
121
409
949
581
92
188
14
19
516
245
113
109
539
1828
130
54
194
66
127
170
1440
767
571
130
864
93
97
311
1301
474
57
217
497
125
2609
1293
368
540
371
112
550
271
1185
62
101
342
1212
753
133
488
426
393
1116
1067
72
525
555
260
352
204
113
852
559
263
1389
72
339
284
1231
517
3197
71
676
1353
317
217
127
482
218
1328
429
26
774
28
64
154
285
13
589
226
57
1710
185
114
452
243
385
647
1414
201
30
96
127
681
507
121
261
64
410
201
63
381
984
305
1
1261
794
104
620
394
932
893
1659
8
410
922
624
725
219
243
2122
21
723
470
639
86
917
498
243
757
261
361
135
488
633
476
622
3056
537
165
1227
1081
627
286
2526
187
223
1822
385
228
315
31
650
9
830
303
550
225
2
456
240
1406
583
164
73
425
25
204
610
51
552
166
662
3155
140
596
56
287
50
1171
274
392
852
91
538
106
173
188
2849
395
235
2500
45
137
766
490
893
485
1065
1062
146
138
276
72
1073
603
157
175
403
116
142
7
545
742
1092
4887
1346
170
247
138
253
941
557
861
1830
709
3673
242
245
487
149
95
542
811
296
591
1188
260
262
313
236
894
1701
1297
206
781
446
233
303
299
508
1551
4
95
130
2523
260
459
74
246
51
377
342
420
416
391
413
187
374
171
541
459
437
202
31
28
581
312
707
234
607
107
298
139
303
192
277
943
116
75
1214
579
306
302
589
189
137
322
779
149
1266
56
189
303
405
40
164
1174
95
2735
293
738
233
170
419
194
98
19
33
166
398
132
309
248
517
69
390
141
1184
1034
5235
365
140
595
122
1592
1640
64
60
741
202
1238
683
361
731
324
309
243
216
1263
763
274
5129
295
216
144
22
227
615
38
2392
53
180
78
777
372
2394
256
272
24
216
198
994
727
205
72
171
186
125
1481
183
29
342
716
173
748
26
105
232
462
198
269
435
518
1170
512
518
737
1450
280
121
71
208
111
267
5669
165
365
203
53
40
460
473
1769
422
705
119
230
1289
3
109
433
148
157
2065
390
237
150
116
591
519
135
119
542
294
621
615
529
68
3472
187
490
144
64
987
237
302
2184
55
199
106
128
55
481
2360
390
38
187
1427
380
1615
333
8
407
620
731
123
1104
252
27
630
82
859
951
13
1028
391
198
104
1456
1366
429
273
222
252
1447
229
674
956
133
434
836
346
265
3487
749
284
10
246
7
500
572
779
155
107
230
2
362
418
467
450
4045
259
482
151
227
943
146
360
127
512
248
321
2697
289
162
562
275
182
1219
184
599
461
135
391
295
209
889
460
297
246
124
468
172
276
1487
296
59
353
1903
317
254
1499
112
14
1323
355
426
949
484
492
179
661
307
2852
17
265
323
28
1271
1327
104
352
268
669
581
105
643
417
136
446
461
18
303
528
275
56
1
133
545
820
658
176
681
1785
201
31
424
853
1456
84
340
1991
417
984
329
200
57
340
239
36
29
250
136
1753
543
121
259
317
514
11
113
539
169
418
530
289
351
257
556
307
696
254
348
300
944
3546
231
505
295
28
55
443
172
30
278
292
962
765
205
3180
287
593
159
2391
579
185
399
1315
299
76
300
1991
1233
213
152
15
604
702
140
16
266
189
266
26
293
352
1132
88
62
209
179
1160
336
210
2177
317
933
515
28
173
56
312
457
471
45
753
888
224
7
804
292
141
70
82
42
555
446
93
2771
15
187
89
432
908
82
991
817
65
958
190
230
13
345
52
168
37
2236
391
2348
4
431
960
67
449
688
1934
446
2549
648
28
118
33
523
1346
166
154
57
7
1101
588
249
487
229
651
109
60
437
20
2290
1376
1035
55
417
1035
30
130
2672
683
575
127
75
34
877
436
4
235
398
254
359
855
265
1260
450
177
70
4887
165
500
356
781
113
588
753
236
224
159
63
882
426
23
72
221
310
229
315
436
474
32
437
140
2984
535
678
1279
377
123
23
1146
216
30
156
345
62
214
1503
101
645
224
497
550
348
423
85
139
119
439
263
70
241
1015
821
812
53
3197
415
140
12
296
231
254
169
214
280
2390
759
3099
436
1776
354
1438
1828
506
507
2557
394
1607
448
487
318
82
337
143
1177
300
382
1154
583
690
157
514
113
1190
98
422
70
138
47
77
1018
2033
641
181
611
216
4
593
18
436
369
759
466
901
647
534
33
152
382
36
1432
333
236
485
39
121
267
479
432
129
1247
91
200
674
418
246
850
46
603
207
288
72
294
1317
117
69
815
70
608
358
85
340
32
327
164
2108
3351
128
230
375
95
306
71
308
123
282
38
126
261
652
282
782
436
1115
2080
1541
100
434
485
692
422
337
251
350
648
181
470
21
597
925
1739
551
3006
1090
41
408
114
24
1194
346
5
418
25
163
249
185
665
1753
625
486
117
304
74
1066
172
275
543
1009
2453
114
675
436
4
1066
301
81
590
504
28
488
4084
144
14
963
671
155
1036
251
240
320
51
253
272
2934
95
744
285
508
800
589
291
303
390
31
420
298
381
364
129
198
689
360
101
285
470
414
278
435
501
185
330
402
62
161
97
282
461
194
68
210
41
66
284
199
2238
96
109
851
72
300
3127
480
232
136
101
735
505
67
97
1450
1534
13
2869
637
27
1636
756
2390
342
319
248
273
1154
137
92
27
224
168
316
100
223
56
152
73
663
242
252
264
440
1959
197
173
296
617
160
14
406
62
489
699
117
82
1082
382
149
2391
489
207
356
1420
521
71
597
1056
1385
172
127
60
463
21
202
347
121
77
32
316
117
148
432
492
2857
334
1833
561
538
694
293
443
1376
125
463
1525
168
93
71
12
1277
145
347
356
1133
633
240
25
594
171
1485
160
455
498
316
392
1925
208
561
164
104
485
508
102
1416
382
326
3096
247
686
201
1004
1084
985
16
174
267
225
226
615
402
186
10
86
773
609
63
317
214
140
197
390
222
981
294
20
320
256
613
1937
154
53
1982
267
350
125
467
111
71
291
1096
1403
259
330
1040
171
242
337
918
111
212
405
1231
216
510
2780
525
698
624
338
156
213
275
259
174
88
2854
140
545
356
1271
1310
27
59
138
150
363
296
612
31
269
316
388
152
695
1092
398
542
1361
1344
305
598
88
192
462
139
233
243
576
175
3
128
274
526
134
725
377
703
780
35
778
334
327
260
568
489
283
800
249
644
98
351
446
3
2036
414
866
379
554
453
122
417
2298
451
15
1252
401
932
73
802
1049
381
121
1095
2477
110
356
146
3975
42
2
312
501
106
403
432
520
395
333
1471
132
819
437
458
275
177
39
224
851
417
335
2485
39
132
171
67
1439
416
108
370
188
302
166
51
631
268
949
216
370
197
274
4
47
212
582
40
1932
12
3565
193
216
17
405
238
63
368
382
113
555
277
81
341
159
1577
915
290
39
222
172
635
164
264
600
129
257
372
1242
236
468
288
838
546
11
489
29
336
1374
224
309
107
663
396
256
173
661
50
119
58
508
241
1163
30
133
470
146
90
319
126
2474
318
553
301
94
57
161
430
325
306
263
316
957
163
240
293
248
353
1061
25
56
1049
241
325
185
2621
80
898
83
406
228
144
195
74
301
855
28
182
361
1128
263
348
272
482
215
213
244
485
451
17
431
481
21
805
229
2
62
432
363
185
168
431
2125
835
440
201
89
49
458
395
397
529
356
501
245
1714
117
3982
2287
374
476
3036
1
686
18
290
278
2227
2139
92
1346
311
147
568
326
2
436
876
866
229
266
1
27
63
646
2188
342
1443
88
100
131
1376
234
295
1708
892
515
315
169
173
392
27
380
1446
1344
449
128
383
138
1079
3496
1269
114
441
175
2148
536
368
136
486
423
451
301
98
1384
120
952
374
418
289
271
230
125
23
344
286
528
615
141
577
646
1360
1145
456
667
898
24
298
110
438
242
241
63
387
703
342
2449
144
1632
1776
318
206
176
1945
556
560
528
18
1955
245
93
306
119
2108
170
288
120
470
93
453
519
147
62
416
8
895
283
68
381
453
1535
1290
135
171
668
29
594
66
378
577
42
703
71
625
82
41
1439
14
254
126
201
75
62
85
793
28
381
267
504
33
154
676
1045
304
329
128
33
510
327
64
138
268
177
204
543
561
568
193
166
430
55
1068
192
383
726
49
1097
29
342
164
656
22
1486
28
1672
308
439
162
416
239
330
9
109
417
73
103
79
1442
348
3793
1025
164
475
1564
1966
254
382
158
81
216
692
766
208
250
101
263
694
109
187
454
378
15
338
1057
185
545
231
729
106
336
1105
225
331
146
414
589
231
119
949
164
1458
543
176
704
523
1274
582
259
77
1253
103
2122
230
178
214
925
987
574
128
252
1650
36
245
209
4
504
248
162
173
402
96
1904
726
378
134
1657
242
409
692
155
482
317
688
41
57
51
71
131
723
59
1226
637
413
536
230
892
470
64
813
179
219
315
28
251
119
414
692
145
1224
166
142
783
165
436
282
148
96
1492
7
2256
880
267
102
74
905
728
1350
151
901
101
921
326
1719
265
76
344
81
436
105
184
160
353
151
267
308
67
557
262
708
957
565
1710
157
297
564
225
252
127
260
2
110
83
456
354
234
162
647
567
567
658
99
461
51
675
185
156
158
357
51
335
368
493
291
175
259
190
1034
290
1149
374
304
426
583
67
109
319
1738
1344
1113
402
340
268
1229
3982
1415
566
1716
121
67
162
22
248
1384
53
1146
448
245
335
337
436
258
835
400
55
3
329
350
93
78
34
399
175
304
464
925
292
213
1965
123
221
719
1443
336
91
190
437
227
913
244
374
409
432
65
1257
753
438
2352
439
672
199
26
336
273
273
300
606
519
367
146
820
719
152
667
1716
41
42
216
182
92
369
313
843
216
574
380
1694
24
1257
70
1628
1039
467
455
48
231
410
2257
266
105
389
427
232
396
72
3317
1196
15
728
724
331
908
106
466
164
251
202
58
19
2178
422
734
137
174
71
256
6625
91
181
269
62
322
154
197
38
202
5
334
11
273
366
448
481
250
208
276
517
80
330
382
84
10
164
408
529
1584
48
333
114
552
223
224
317
650
27
270
236
99
344
1513
145
462
461
2273
435
749
1749
1932
264
28
182
92
147
274
992
384
344
373
430
144
149
100
103
967
629
108
224
1448
227
228
444
3
180
287
406
238
163
161
44
1063
427
1252
107
206
453
1347
599
75
198
348
33
600
264
22
70
498
236
158
182
871
355
69
652
553
737
336
149
917
49
72
231
357
506
1479
182
215
231
691
1194
144
338
228
658
384
618
169
172
95
96
105
447
135
574
489
218
281
15
412
588
223
133
121
513
188
366
299
150
141
5
18
224
140
29
81
240
58
348
91
461
180
109
562
187
1351
199
75
911
1121
1228
63
30
57
425
289
746
264
93
94
1489
53
93
95
158
24
678
243
522
391
2026
49
133
272
481
259
2273
1679
581
1921
98
2414
2978
688
57
409
330
225
161
814
501
401
2523
329
75
22
1145
795
407
671
48
563
469
288
57
292
10
152
359
213
280
323
2674
314
901
984
297
334
483
86
192
282
521
6
20
228
379
324
547
2222
2
1835
1760
519
346
671
98
272
1
501
510
731
230
79
386
1618
669
68
1986
690
64
234
2555
203
1696
109
724
85
205
925
24
194
77
219
1133
699
740
494
22
1091
81
742
294
218
2120
1349
317
438
252
174
647
248
563
40
867
467
1378
800
100
548
315
151
43
411
94
348
777
115
53
77
281
173
622
890
1238
905
12
656
602
2026
3755
828
337
428
38
1411
721
159
808
201
394
468
586
828
359
845
256
398
80
261
662
138
504
479
623
1295
2009
1236
138
33
253
823
238
118
4
346
437
494
255
1193
270
237
213
134
324
77
196
329
297
371
3141
1305
588
4
175
561
27
333
588
877
323
18
2591
378
309
819
20
165
497
464
943
14
396
281
576
2420
89
1453
37
241
2803
159
1078
275
1734
877
248
36
440
851
397
742
370
263
1469
62
148
471
1753
635
397
421
3992
116
459
230
30
413
120
111
63
794
120
1905
197
67
169
148
141
641
105
213
147
152
1031
214
341
2574
114
101
109
567
1562
689
1170
200
82
141
703
373
211
160
3
2925
82
434
2
11
1002
1376
134
227
271
105
1
566
851
162
345
613
57
640
28
109
389
205
217
4948
143
170
436
1182
311
246
989
100
208
202
275
144
263
34
3773
31
41
106
50
129
526
221
333
5895
284
518
269
18
234
383
254
723
1087
351
1
3670
38
318
1725
235
457
2762
290
627
285
374
242
320
777
2221
845
406
637
632
479
157
314
85
159
937
243
60
355
94
519
209
377
92
485
185
193
1844
247
193
49
335
3054
678
235
8
906
150
322
456
252
8
331
976
57
22
144
440
96
440
515
589
74
618
858
1120
304
349
242
724
287
230
502
1167
7
678
870
410
166
16
596
1008
283
250
937
1040
321
902
284
351
94
526
423
60
69
559
486
756
34
723
50
91
72
169
173
1288
693
275
341
105
5
467
77
8
276
1518
267
294
572
167
211
2332
190
303
255
99
1486
196
634
1550
769
488
486
2966
307
691
60
39
100
736
115
1220
212
2898
777
539
844
539
142
80
123
121
365
225
2090
289
252
68
1698
1837
1280
362
76
306
353
58
178
127
1552
28
348
155
214
140
454
852
156
1106
484
294
637
680
536
55
61
86
753
317
463
226
298
207
37
488
228
121
563
247
412
402
547
878
132
2355
530
183
627
132
92
1071
350
601
506
232
537
201
168
272
473
1338
366
394
4
297
1725
79
160
268
1334
53
244
210
598
173
59
432
3092
122
390
870
96
1381
462
71
416
589
1272
296
116
314
88
84
427
48
974
342
264
1716
768
247
426
107
200
1284
75
126
321
969
495
46
28
273
11
9
636
332
67
138
481
572
64
465
391
564
2163
121
613
71
277
222
595
272
453
188
972
813
719
2913
499
346
2616
248
171
77
188
344
79
231
679
201
708
303
105
168
680
105
476
394
70
420
960
3
1522
154
380
210
52
142
329
24
183
532
536
286
201
613
70
874
1557
62
1035
224
70
266
49
95
473
278
42
128
158
362
397
252
400
205
282
21
68
1192
169
31
166
297
1394
2995
256
636
77
15
85
607
106
49
552
204
495
622
263
368
670
14
139
211
1212
8
202
206
444
987
452
262
809
28
370
420
463
949
587
1659
142
443
4
916
539
418
1298
112
1574
91
125
3855
216
81
300
73
263
309
1118
1458
403
1457
1144
269
2411
666
3424
188
48
624
950
307
111
39
69
1044
1285
489
215
442
443
503
323
1190
192
251
394
24
376
55
1250
1713
11
11
151
460
24
66
198
665
943
2311
238
2784
313
162
1121
249
3876
360
481
269
431
197
394
1207
1582
540
272
1095
2394
28
557
151
1586
963
176
189
47
68
97
1516
242
1250
112
261
85
1259
1137
806
112
680
7
1616
119
152
233
350
464
802
223
4962
316
115
1326
263
166
11
185
898
481
830
86
443
3963
679
610
54
99
571
187
614
198
7
275
86
68
408
1460
513
566
1281
172
32
354
721
230
960
281
397
519
159
512
277
310
2311
115
355
197
164
166
62
1108
148
5
1404
171
198
139
92
2111
614
215
2587
460
544
40
1195
1795
512
247
102
476
603
202
380
181
267
268
89
384
64
1456
161
284
526
3973
595
103
71
1511
395
41
1113
1533
557
306
229
1636
41
24
1063
745
674
75
332
1063
997
143
494
1009
428
358
463
51
141
208
326
154
235
269
87
402
150
137
231
1170
3671
278
503
43
15
910
416
315
87
258
440
66
75
400
1478
382
474
23
118
1552
758
2596
450
1833
629
532
16
35
167
112
333
95
221
28
4879
1
106
344
230
257
96
60
279
659
317
438
877
135
591
2008
777
65
637
711
556
381
130
490
155
24
306
667
325
1486
203
966
590
808
167
1934
490
53
502
481
2531
2661
2087
61
185
654
